0.23192045 -0.38972792 0.89124930 0.83518225 -0.38993329 -0.38784268 0.49868083 0.83430463 0.23505993 58.19367981 -39.20672607 728.14270020
0.24606116 -0.36778080 0.89676726 0.83912838 -0.38222003 -0.38700217 0.48509428 0.84772944 0.21456537 56.59199142 -35.41523361 724.51617432
0.24250217 -0.36793521 0.89767301 0.83827555 -0.38630038 -0.38479269 0.48834997 0.84581077 0.21475200 55.33232880 -33.53596878 721.45251465
0.24678725 -0.36004999 0.89970034 0.83891702 -0.38536364 -0.38433367 0.48509076 0.84962291 0.20694883 53.58618546 -32.51461792 719.81323242
0.24103120 -0.35758612 0.90223992 0.83581966 -0.39600885 -0.38023907 0.49326289 0.84575957 0.20342667 52.16913605 -31.98965073 718.47058105
0.25392607 -0.34010062 0.90545785 0.83753473 -0.39093071 -0.38171709 0.48379323 0.85528052 0.18557820 50.54108810 -31.78598595 714.04016113
0.24924943 -0.34574333 0.90461987 0.83279306 -0.40024853 -0.38243422 0.49429658 0.84868264 0.18817067 49.81980896 -31.79529953 714.17846680
0.25097305 -0.33660585 0.90758467 0.83532470 -0.39845234 -0.37877083 0.48912549 0.85318923 0.18117417 49.61255646 -31.59087372 711.77777100
0.25383788 -0.32840371 0.90979022 0.83248383 -0.40473348 -0.37836546 0.49247891 0.85342938 0.17065386 49.78405380 -31.12380409 709.22802734
0.26220155 -0.31466785 0.91226941 0.83402669 -0.40164870 -0.37825480 0.48543617 0.86003625 0.15712827 49.75330734 -30.50373650 705.57623291
0.26064524 -0.31075495 0.91405487 0.83687997 -0.39932054 -0.37439847 0.48134679 0.86253953 0.15598336 49.43574524 -30.84908676 707.33123779
0.25891379 -0.30296373 0.91715729 0.83972198 -0.39862552 -0.36873260 0.47731468 0.86562723 0.15119544 48.30627060 -32.49049377 705.23907471
0.25742966 -0.29827765 0.91910893 0.83132631 -0.41649216 -0.36800802 0.49257001 0.85881567 0.14074840 47.14449310 -33.62487411 703.13531494
0.26252684 -0.27967682 0.92350507 0.83546650 -0.41296655 -0.36256510 0.48277757 0.86674047 0.12524554 45.97785568 -33.76008224 700.08850098
0.26413417 -0.26541930 0.92724681 0.83669794 -0.41516092 -0.35717925 0.47975874 0.87016869 0.11241732 45.37958145 -34.57019806 697.57409668
0.26071298 -0.25742087 0.93046457 0.83408433 -0.42526218 -0.35136119 0.48613888 0.86769009 0.10383905 44.41323090 -35.29807281 696.61309814
0.26264471 -0.24671812 0.93281770 0.83113992 -0.43322495 -0.34859985 0.49012557 0.86685985 0.09127279 41.96227264 -35.00477219 694.66717529
0.26630694 -0.22472364 0.93732649 0.83332562 -0.43502581 -0.34105745 0.48440459 0.87192404 0.07141732 38.36745453 -33.10751724 691.27062988
0.27232414 -0.20514579 0.94008273 0.84144706 -0.42310169 -0.33608216 0.46669617 0.88255316 0.05739827 32.82041931 -30.97169113 686.18029785
0.26020497 -0.19731313 0.94517815 0.83561867 -0.44443822 -0.32282457 0.48377055 0.87380904 0.04923325 26.69799805 -29.12952042 686.35620117
0.24915284 -0.20776539 0.94591606 0.82875270 -0.45961949 -0.31924623 0.50108945 0.86347187 0.05767041 20.54952240 -25.07791328 689.90515137
0.24858138 -0.18093306 0.95156240 0.84435755 -0.44090095 -0.30441102 0.47462252 0.87913018 0.04317221 15.36468792 -20.49187088 686.19219971
0.25069073 -0.16361676 0.95414054 0.85843337 -0.41802663 -0.29722917 0.44748759 0.89357907 0.03565844 10.45762157 -17.28134537 679.85174561
0.25666711 -0.13687657 0.95675868 0.86449379 -0.41012987 -0.29059082 0.43217015 0.90169752 0.01306182 6.19277096 -14.97573280 675.72241211
0.35786182 0.00499621 0.93376142 0.89946449 -0.27042028 -0.34327170 0.25079262 0.96272945 -0.10126725 7.09978294 -17.77270317 641.23901367
0.27540281 -0.08476955 0.95758450 0.88654047 -0.36280200 -0.28708833 0.37174964 0.92800266 -0.02476532 -2.51026964 -12.00238705 659.27795410
0.28870502 0.01228659 0.95733964 0.93542564 -0.21670321 -0.27931637 0.20402636 0.97616053 -0.07405677 -3.91875100 -15.37961102 645.47698975
0.27167818 -0.07422558 0.95952183 0.89799345 -0.33902150 -0.28048384 0.34611735 0.93784618 -0.02545092 -14.09401512 -7.19946671 654.70635986
0.25485688 -0.02732899 0.96659279 0.95245177 -0.16551793 -0.25580937 0.16697915 0.98582840 -0.01615413 -15.28831005 -7.20470047 634.29772949
0.23024528 -0.14027517 0.96296966 0.93784559 -0.23207147 -0.25804502 0.25967485 0.96253133 0.07812287 -25.67103386 0.93496084 633.35070801
0.24503075 -0.06120019 0.96758217 0.93485856 -0.24953510 -0.25252831 0.25690025 0.96643037 -0.00393052 -36.15980530 2.57117510 636.06964111
0.23036097 -0.09348548 0.96860480 0.92968822 -0.27285743 -0.24744180 0.28742304 0.95750219 0.02405641 -47.37387848 2.34350014 647.03137207
0.19482513 -0.08680163 0.97699016 0.96928191 -0.13540746 -0.20531967 0.15011357 0.98698097 0.05775424 -52.31969452 -1.70142138 643.10333252
0.22169007 -0.07229949 0.97243375 0.93406457 -0.27056441 -0.23306035 0.27995598 0.95998377 0.00755065 -62.75359344 4.44169998 639.64288330
0.22055349 -0.08736889 0.97145450 0.93406868 -0.26785189 -0.23615651 0.28083858 0.95949107 0.02253257 -69.93292999 7.66617298 639.21710205
0.22249722 -0.07589988 0.97197473 0.91887349 -0.31686679 -0.23508658 0.32582954 0.94542879 -0.00075991 -79.26243591 10.69489574 655.78942871
0.22349751 0.02237455 0.97444797 0.95997477 -0.17819341 -0.21608779 0.16880511 0.98374158 -0.06130517 -78.50356293 6.69934130 647.11108398
0.20268741 -0.08081511 0.97590339 0.92678285 -0.30598027 -0.21782525 0.31621069 0.94860214 0.01287942 -88.40625763 13.17097378 652.83349609
0.27945384 0.00239631 0.96015644 0.93065828 -0.24664994 -0.27025414 0.23617478 0.96910226 -0.07115776 -86.90287781 7.63207293 648.92266846
0.23197234 -0.06993347 0.97020543 0.90345579 -0.35415211 -0.24154165 0.36049217 0.93256980 -0.01897198 -95.64427948 13.78786945 659.90026855
0.32518128 0.02956062 0.94518977 0.90693033 -0.29283223 -0.30286154 0.26782912 0.95570731 -0.12203333 -91.36067963 6.99398994 648.04699707
0.23951733 -0.01258779 0.97081077 0.87327397 -0.43418065 -0.22108406 0.42429027 0.90073836 -0.09300151 -101.10945892 12.62808132 675.58081055
0.23882644 0.03237729 0.97052258 0.84225613 -0.50431746 -0.19043940 0.48328570 0.86291164 -0.14771469 -102.96932983 12.95183659 690.52844238
0.24021330 0.05657819 0.96907014 0.84361744 -0.50602549 -0.17957345 0.48021427 0.86066151 -0.16928482 -100.99508667 13.00599766 687.95874023
0.23955408 0.07626851 0.96788293 0.85433400 -0.49014550 -0.17282841 0.46122211 0.86829799 -0.18257560 -98.25514221 12.06671143 684.45666504
0.23579687 0.08212179 0.96832645 0.85296458 -0.49495855 -0.16572990 0.46567157 0.86502761 -0.18675716 -95.50746155 7.65833807 687.17309570
0.24629538 0.10731015 0.96323597 0.83322984 -0.53107911 -0.15388925 0.49504077 0.84050006 -0.22021690 -93.19036102 1.97711790 687.24676514
0.23886831 0.12942830 0.96238786 0.82617795 -0.54787630 -0.13137965 0.51026553 0.82648695 -0.23780166 -89.23656464 -0.77734941 685.59008789
0.24750249 0.16179082 0.95528346 0.82887948 -0.54589444 -0.12229891 0.50169736 0.82208502 -0.26921591 -86.05160522 -2.07510281 683.56494141
0.23662496 0.17632321 0.95546794 0.83054626 -0.54701048 -0.10474293 0.50418264 0.81834632 -0.27588159 -84.29248047 -4.01086092 682.68029785
0.22681464 0.19352104 0.95451820 0.83118260 -0.54928398 -0.08614561 0.50763083 0.81291926 -0.28543770 -83.01774597 -5.31477642 683.35473633
0.23616429 0.20639345 0.94954115 0.83290005 -0.54631513 -0.08840752 0.50050217 0.81175292 -0.30092597 -80.94094086 -8.08788967 683.44049072
0.23175693 0.22697388 0.94592369 0.82603884 -0.55947781 -0.06813931 0.51375771 0.79716301 -0.31715283 -78.78689575 -11.51607800 684.49450684
0.23500082 0.23685291 0.94269574 0.82558101 -0.56052899 -0.06497376 0.51301944 0.79354209 -0.32726684 -77.98757172 -14.16785336 682.08038330
0.24343382 0.25381297 0.93611902 0.82127553 -0.56739497 -0.05973084 0.51598918 0.78335381 -0.34657437 -77.29374695 -16.47464943 680.89031982
0.23775165 0.25735173 0.93661314 0.81449163 -0.57819456 -0.04788370 0.52922219 0.77424955 -0.34707841 -76.04284668 -18.45776749 680.11145020
0.24484470 0.26008341 0.93402755 0.81422919 -0.57816780 -0.05244919 0.52638400 0.77335614 -0.35332978 -73.80455017 -20.44054413 679.92437744
0.24818729 0.28175202 0.92683256 0.80450511 -0.59290045 -0.03519318 0.53960419 0.75437772 -0.37382239 -71.28664398 -21.91588402 680.87066650
0.25700277 0.29249012 0.92108572 0.80053556 -0.59835434 -0.03336096 0.54137838 0.74593741 -0.38792858 -67.79907990 -22.16503525 678.97784424
0.26499549 0.31246564 0.91221845 0.79996413 -0.59943569 -0.02706031 0.53836149 0.73691452 -0.40881023 -63.45757675 -21.84461975 677.54687500
0.26557985 0.32310957 0.90833211 0.80481964 -0.59301734 -0.02436920 0.53078330 0.73751718 -0.41753963 -59.03665161 -20.56966972 676.19653320
0.26696315 0.34400192 0.90021825 0.81020951 -0.58590990 -0.01637710 0.52181351 0.73373932 -0.43513125 -56.03877640 -19.20648766 673.35253906
0.26269579 0.34908694 0.89951575 0.80856806 -0.58834916 -0.00780800 0.52650410 0.72937262 -0.43681857 -54.47920990 -18.69791412 671.64025879
0.26211905 0.36276600 0.89425594 0.81042773 -0.58583701 0.00010310 0.52392602 0.72470444 -0.44755587 -53.31487274 -17.99704933 671.44091797
0.27352303 0.37424767 0.88607168 0.81342036 -0.58164990 -0.00542740 0.51335269 0.72223473 -0.46351635 -50.71076584 -13.73609257 670.31890869
0.26161623 0.42372480 0.86718714 0.80911779 -0.58612156 0.04229181 0.52619755 0.69059372 -0.49618337 -48.55642700 -7.71525097 678.04382324
0.27050146 0.40301228 0.87430519 0.83733982 -0.54663563 -0.00709351 0.47506762 0.73401093 -0.48532501 -45.79352188 -2.67030549 675.50463867
0.26799604 0.44145501 0.85632646 0.81862181 -0.57299298 0.03919317 0.50797123 0.69050545 -0.51494563 -45.11064148 -1.11030674 676.25585938
0.26274461 0.45475844 0.85097557 0.82177675 -0.56764412 0.04961658 0.50561512 0.68627685 -0.52285641 -46.75326920 0.56021607 677.60290527
0.26538950 0.46860865 0.84259939 0.83176690 -0.55323952 0.04570324 0.48757643 0.68871844 -0.53659815 -51.68395996 1.27055788 679.98260498
0.27096653 0.50028455 0.82236969 0.83669913 -0.54481721 0.05574749 0.47593087 0.67297167 -0.56621587 -57.56018066 -2.44274569 683.90740967
0.26346418 0.50051081 0.82466662 0.83242369 -0.54996955 0.06784669 0.48749980 0.66859812 -0.56153542 -63.11329269 -6.20922279 683.21362305
0.27681226 0.50120312 0.81985968 0.81585449 -0.57336509 0.07505285 0.50769585 0.64811188 -0.56762433 -69.39187622 -7.68098021 682.34008789
0.27390140 0.51266825 0.81372529 0.81776649 -0.56945860 0.08351089 0.50619638 0.64256448 -0.57521951 -76.58539581 -7.24741650 685.43737793
0.26953328 0.52745610 0.80569315 0.81320500 -0.57279998 0.10294231 0.51579857 0.62744832 -0.58331966 -83.77989960 -5.24013567 688.15551758
0.26296210 0.52652156 0.80847108 0.81984794 -0.56370074 0.10044961 0.50862461 0.63640994 -0.57990074 -91.90354919 -3.83004236 693.32843018
0.25909603 0.54601920 0.79670066 0.82230723 -0.55738807 0.11458117 0.50663507 0.62544614 -0.59341359 -100.62886047 -5.13490772 695.00500488
0.25690168 0.54593909 0.79746580 0.81752574 -0.56283277 0.12194567 0.51541489 0.62062162 -0.59091282 -108.83024597 -6.61239672 695.52514648
0.24954018 0.55241656 0.79533976 0.81778055 -0.56008571 0.13243432 0.51861733 0.61736649 -0.59152025 -116.44742584 -7.48602343 695.26324463
0.24264163 0.55552113 0.79531193 0.81535965 -0.56099325 0.14309117 0.52565485 0.61374629 -0.58907050 -122.62207794 -7.78779173 693.63848877
0.23981038 0.56669003 0.78825957 0.81629783 -0.55720752 0.15224157 0.52549803 0.60694641 -0.59621269 -128.90666199 -7.39248466 693.59503174
0.23737743 0.57430893 0.78346741 0.81860101 -0.55249542 0.15697430 0.52301395 0.60408598 -0.60128051 -134.53416443 -6.51434278 692.29022217
0.23268954 0.57891029 0.78148466 0.81256932 -0.55725902 0.17086099 0.53440261 0.59525365 -0.60007375 -138.88264465 -4.72489786 690.28619385
0.23435764 0.58355802 0.77751929 0.81270617 -0.55649137 0.17270283 0.53346509 0.59142119 -0.60467970 -141.26034546 -2.29547644 688.22100830
0.23410088 0.59406722 0.76959759 0.81324840 -0.55343461 0.17982630 0.53275102 0.58377725 -0.61268413 -141.48910522 -0.69755882 686.87438965
0.23646095 0.60198039 0.76269603 0.81056315 -0.55506277 0.18679674 0.53579259 0.57404393 -0.61919415 -141.12911987 0.49841234 686.52807617
0.22983880 0.60042828 0.76593691 0.81124097 -0.55296677 0.19004284 0.53764522 0.57768112 -0.61418551 -141.17822266 1.51079726 687.30676270
0.22546501 0.61285096 0.75734979 0.81014407 -0.54972059 0.20365250 0.54113990 0.56764674 -0.62044066 -141.02935791 0.58602315 687.93695068
0.21887593 0.62095201 0.75266951 0.81094700 -0.54474354 0.21358815 0.54264045 0.56362677 -0.62279075 -140.96223450 -2.39288402 688.28393555
0.21762019 0.64455229 0.73293459 0.81918406 -0.52887750 0.22187077 0.53064054 0.55212575 -0.64310181 -140.59968567 -6.75393724 686.99481201
0.22264527 0.65859652 0.71880388 0.81755430 -0.52777880 0.23033710 0.53106928 0.53637874 -0.65594631 -138.94482422 -12.02518463 684.21386719
0.21735553 0.67426479 0.70577830 0.80741155 -0.53050816 0.25816345 0.54849225 0.51374120 -0.65971851 -137.11398315 -18.58753586 685.21478271
0.19943602 0.68311059 0.70255589 0.81749928 -0.51129997 0.26508093 0.54029703 0.52147323 -0.66041440 -134.81947327 -26.10919952 685.32879639
0.21739613 0.68277830 0.69753307 0.81073219 -0.52426606 0.26049784 0.54355568 0.50888222 -0.66752398 -132.14529419 -33.10723877 679.07232666
0.19920474 0.70030391 0.68548644 0.80934423 -0.51196963 0.28783593 0.55252123 0.49745694 -0.66877407 -129.92262268 -38.15830612 670.81292725
0.18821557 0.72073132 0.66717404 0.80276859 -0.50425386 0.31826255 0.56580728 0.47568512 -0.67348927 -128.23625183 -39.91829681 665.49053955
0.18193021 0.73411554 0.65419841 0.79932725 -0.49789184 0.33642238 0.57269329 0.46171394 -0.67738068 -126.24511719 -42.21490097 667.46051025
0.17838301 0.75248432 0.63399249 0.80319452 -0.48355094 0.34793308 0.56838220 0.44715458 -0.69064927 -120.59351349 -44.22463608 661.62683105
0.18311208 0.76480269 0.61769456 0.80480820 -0.47745901 0.35258612 0.56458300 0.43256342 -0.70294869 -115.60542297 -42.43784714 655.11358643
0.18381347 0.77766675 0.60120445 0.80504209 -0.47005215 0.36188197 0.56402135 0.41747665 -0.71245706 -112.82911682 -37.62869263 651.14483643
0.19232836 0.77935851 0.59633029 0.79962236 -0.47672772 0.36515090 0.56887096 0.40661058 -0.71488142 -111.41568756 -34.56298065 652.26037598
0.18863490 0.78998643 0.58338493 0.79336470 -0.47270072 0.38357133 0.57878286 0.39048240 -0.71591592 -109.64254761 -30.60674667 650.83392334
0.20588370 0.80652636 0.55419010 0.79990149 -0.46493572 0.37946394 0.56371081 0.36517230 -0.74086517 -107.19918823 -23.03815651 643.71270752
0.19759378 0.80050433 0.56581730 0.78967667 -0.47198105 0.39197579 0.58083367 0.36936095 -0.72540098 -108.51750183 -15.87441158 652.08221436
0.22544868 0.80274111 0.55206811 0.80438679 -0.47307554 0.35939112 0.54966825 0.36305216 -0.75236946 -111.77537537 -11.98485279 657.95855713
0.22265315 0.80187052 0.55446273 0.80630201 -0.47115958 0.35761192 0.54799914 0.36744112 -0.75145584 -116.91885376 -10.68020248 658.07812500
0.22702022 0.79982322 0.55564755 0.79627883 -0.48093256 0.36693928 0.56071597 0.35914794 -0.74606466 -120.26280975 -9.96573734 656.03698730
0.22629327 0.80328834 0.55092543 0.79740775 -0.47759941 0.36883631 0.55940384 0.35584727 -0.74862689 -121.67047119 -9.78024578 653.69134521
0.21831229 0.81315982 0.53954679 0.79370469 -0.46962717 0.38663107 0.56777883 0.34383479 -0.74793506 -123.03939819 -9.01962566 652.76220703
0.23359467 0.81771481 0.52609509 0.79994589 -0.46919709 0.37408713 0.55273896 0.33346295 -0.76373035 -125.31875610 -7.37043667 650.77008057
0.21733646 0.82232314 0.52587992 0.79703933 -0.46051583 0.39070937 0.56346542 0.33423167 -0.75551158 -127.16835022 -6.60862207 650.35278320
0.22078387 0.82331389 0.52288538 0.79203075 -0.46420419 0.39648706 0.56915867 0.32660338 -0.75457960 -129.04045105 -6.12683630 651.11157227
0.22584343 0.83346438 0.50431389 0.79252976 -0.45823270 0.40239236 0.56647235 0.30880609 -0.76403493 -129.92166138 -5.79215717 648.07043457
0.22832078 0.84292233 0.48718828 0.78650784 -0.45463008 0.41799188 0.57382464 0.28774118 -0.76676720 -130.35308838 -6.38819027 649.08544922
0.23223156 0.85139430 0.47031578 0.78473371 -0.44969425 0.42657778 0.57468379 0.27000785 -0.77255160 -128.55850220 -5.82940197 645.59442139
0.21820562 0.86159128 0.45830959 0.78118485 -0.43568769 0.44713196 0.58492440 0.26045781 -0.76813209 -127.01722717 -3.64096975 649.60369873
0.22151929 0.87920189 0.42182249 0.76480848 -0.42500302 0.48419118 0.60497719 0.21535575 -0.76656801 -125.50256348 -5.21675301 659.61706543
0.21981983 0.88833040 0.40317374 0.78039014 -0.40812030 0.47374001 0.58538061 0.21049540 -0.78295791 -121.48932648 -10.94829273 651.01666260
0.21691190 0.89248025 0.39551094 0.79516834 -0.39655969 0.45874655 0.56626558 0.21499020 -0.79569119 -119.97891235 -11.44465351 646.54504395
0.20925274 0.90314317 0.37489539 0.81590587 -0.37257376 0.44213918 0.53899074 0.21336049 -0.81484234 -120.77345276 -10.42829609 647.26855469
0.20890890 0.90426457 0.37237507 0.81909770 -0.36982167 0.43853346 0.53426224 0.21339802 -0.81794059 -122.10832214 -12.66912746 642.79211426
0.20033757 0.90478289 0.37581012 0.82064623 -0.36450365 0.44008800 0.53516793 0.22024104 -0.81553113 -124.81186676 -15.86603832 644.58508301
0.21610646 0.92778522 0.30415949 0.81085032 -0.34407592 0.47342840 0.54389358 0.14431678 -0.82665259 -124.50335693 -19.27451324 646.17907715
0.35847795 0.91145021 0.20187245 0.86432654 -0.40575963 0.29715294 0.35275134 0.06796081 -0.93324697 -113.57517242 -26.06166649 620.13073730
0.21733217 0.93560284 0.27823499 0.81357729 -0.33112669 0.47796237 0.53931367 0.12248890 -0.83315021 -119.80953217 -20.31136513 645.90270996
0.33480820 0.93027538 0.14997296 0.86061078 -0.36670595 0.35337889 0.38373530 0.01075403 -0.92338169 -114.70167542 -26.14316177 648.78155518
0.21007016 0.94294190 0.25832531 0.82562810 -0.31261152 0.46969455 0.52364981 0.11461170 -0.84419024 -118.57411194 -20.37753868 646.65667725
0.33786824 0.93179780 0.13265999 0.85655558 -0.36283153 0.36696941 0.39007410 -0.01035678 -0.92072642 -116.70480347 -29.94437790 648.33489990
0.20902261 0.93966198 0.27082407 0.81763053 -0.31985265 0.47872263 0.53646100 0.12137003 -0.83515334 -121.43530273 -26.91003609 646.28662109
0.34443229 0.92470926 0.16211149 0.84239393 -0.38064051 0.38142651 0.41441432 0.00518596 -0.91007471 -120.07592773 -36.79244995 654.62878418
0.19490473 0.95410705 0.22736034 0.80633616 -0.28784421 0.51669037 0.55842197 0.08262318 -0.82543355 -121.11656189 -30.32611084 646.80474854
0.33321133 0.93581897 0.11495288 0.82543504 -0.34846115 0.44410956 0.45566231 -0.05309648 -0.88856906 -115.72846222 -35.04142761 639.35278320
0.20896564 0.96271122 0.17181841 0.81126952 -0.26876467 0.51923877 0.54605538 0.03088763 -0.83718091 -121.45251465 -29.77778053 645.39312744
0.33160275 0.93966538 0.08408159 0.82195514 -0.33150572 0.46313632 0.46306637 -0.08446632 -0.88229096 -116.57678986 -34.50325394 638.78234863
0.21846417 0.96379751 0.15286912 0.79051501 -0.26663789 0.55135447 0.57215446 0.00039375 -0.82014722 -120.13762665 -27.42684364 644.73431396
0.34326431 0.93847257 0.03794713 0.82228571 -0.31980091 0.47071755 0.45389056 -0.13037747 -0.88146889 -114.76456451 -32.12228012 639.02447510
0.22931954 0.96349460 0.13817383 0.78937703 -0.26714632 0.55273688 0.56947118 -0.01768247 -0.82182258 -117.97212982 -23.70492172 639.26489258
0.34252805 0.93885344 0.03506961 0.80856532 -0.31359249 0.49787867 0.47843221 -0.14218168 -0.86653864 -112.84555817 -27.50566483 634.15197754
0.23666562 0.96415615 0.11997314 0.80541283 -0.26374963 0.53079897 0.54341543 -0.02899435 -0.83896428 -118.01178741 -20.07574844 630.43023682
0.22758476 0.96867347 0.09938955 0.79904717 -0.24411185 0.54948550 0.55653363 -0.04563794 -0.82957190 -121.71184540 -17.95009232 634.14843750
0.23356284 0.96945822 0.07483780 0.78831488 -0.23385403 0.56909859 0.56921786 -0.07392488 -0.81885791 -125.35356903 -17.31236458 635.21484375
0.23521641 0.96919131 0.07309648 0.78365153 -0.23359998 0.57560635 0.57494736 -0.07811020 -0.81445473 -127.11633301 -18.60650635 630.16131592
0.23943071 0.96867162 0.06595508 0.77991599 -0.23234594 0.58116066 0.57827747 -0.08770857 -0.81111312 -128.13333130 -18.93004990 622.60595703
0.22448912 0.97292596 0.05497020 0.78678715 -0.21424566 0.57884884 0.57495344 -0.08669571 -0.81358135 -130.82328796 -18.17899323 620.89141846
0.23149736 0.97123122 0.05586603 0.78685492 -0.22070177 0.57632571 0.57207453 -0.08945976 -0.81530970 -132.68634033 -17.02159882 617.33306885
0.23962252 0.96972144 0.04715333 0.77291709 -0.21993254 0.59517229 0.58752108 -0.10617139 -0.80221510 -135.59663391 -16.53624153 616.45336914
0.24479154 0.96840239 0.04770819 0.78220880 -0.22632246 0.58045560 0.57291108 -0.10477316 -0.81289476 -137.32054138 -15.09756756 611.58044434
0.24092045 0.96841449 0.06428642 0.76597422 -0.23039939 0.60016716 0.59602106 -0.09535109 -0.79728884 -136.52888489 -12.09167385 609.84570312
0.24470697 0.96808851 0.05408543 0.76815802 -0.22760433 0.59844017 0.59165215 -0.10489661 -0.79934168 -133.29312134 -9.77896023 608.99072266
0.24954270 0.96752864 0.04023419 0.76421905 -0.22228327 0.60544240 0.59472513 -0.12033629 -0.79487336 -131.18177795 -8.57869244 613.48095703
0.25497711 0.96637642 0.03324844 0.76438451 -0.22250301 0.60515261 0.59220219 -0.12888579 -0.79541671 -128.25592041 -7.41643953 615.08038330
0.25756818 0.96569473 0.03308292 0.77091795 -0.22601862 0.59548473 0.58253276 -0.12787396 -0.80268705 -124.88542175 -6.25742912 615.46905518
0.26408130 0.96411061 0.02745924 0.76618683 -0.22699119 0.60119361 0.58584917 -0.13772534 -0.79863334 -121.90984344 -6.48848104 617.76611328
0.25597295 0.96639669 0.02360689 0.76217377 -0.21678127 0.60999852 0.59461713 -0.13815083 -0.79205275 -118.48035431 -6.78225565 620.70672607
0.25326526 0.96739793 0.00029739 0.76616448 -0.20077063 0.61047882 0.59063464 -0.15438552 -0.79203439 -115.82308197 -7.99197960 626.23327637
0.26415661 0.96447885 -0.00195595 0.76626259 -0.20863637 0.60771191 0.58571613 -0.16203013 -0.79415703 -112.43946838 -10.85785961 627.95507812
0.26028171 0.96520352 -0.02524867 0.77046734 -0.19186638 0.60792148 0.58192241 -0.17768440 -0.79359746 -110.08212280 -13.20720196 631.22729492
0.26027852 0.96428299 -0.04914305 0.76975036 -0.17650732 0.61345792 0.58287179 -0.19749805 -0.78819871 -108.19432068 -15.07686615 632.30029297
0.26234609 0.96255791 -0.06825318 0.76975268 -0.16609284 0.61635631 0.58194119 -0.21423697 -0.78450567 -108.38765717 -17.82357788 637.26074219
0.26554888 0.96117812 -0.07497796 0.78012282 -0.16852978 0.60250068 0.56647348 -0.21848568 -0.79459041 -109.40670776 -21.57989693 635.67730713
0.26698875 0.96076745 -0.07512710 0.77810311 -0.16892095 0.60499763 0.56857044 -0.21998447 -0.79267675 -111.51228333 -26.10245895 636.01208496
0.26097754 0.96255296 -0.07337266 0.77726746 -0.16444893 0.60729945 0.57249087 -0.21552201 -0.79107916 -113.88526917 -31.29594994 634.07086182
0.25086489 0.96523911 -0.07335860 0.76714957 -0.15201911 0.62319541 0.59037983 -0.21261524 -0.77861947 -118.36536407 -34.53040695 634.98126221
0.25500137 0.96427137 -0.07180641 0.76473773 -0.15567458 0.62525403 0.59173530 -0.21435405 -0.77711236 -121.32054901 -37.06101608 636.30816650
0.25123158 0.96478730 -0.07790555 0.75752074 -0.14587890 0.63630378 0.60253215 -0.21887502 -0.76749611 -123.59710693 -39.06277084 638.27557373
0.25236118 0.96520185 -0.06855924 0.75906157 -0.15352611 0.63265800 0.60011619 -0.21169940 -0.77139193 -124.51973724 -38.08662033 640.55084229
0.25408503 0.96400505 -0.07833268 0.76136220 -0.14941110 0.63087636 0.59646314 -0.21993615 -0.77192044 -125.64625549 -37.07527924 646.82867432
0.25967446 0.96129179 -0.09213243 0.76636440 -0.14708492 0.62534213 0.58758384 -0.23299271 -0.77489406 -126.53057861 -35.94069290 654.26324463
0.25918052 0.96002686 -0.10571142 0.75929803 -0.13489084 0.63661003 0.59690213 -0.24526368 -0.76390761 -128.75369263 -34.43909836 662.66400146
0.25829953 0.95918697 -0.11507788 0.76953524 -0.13227400 0.62475640 0.58403510 -0.24993104 -0.77229440 -131.68434143 -32.93926620 668.76000977
0.26151770 0.95548546 -0.13659255 0.78257447 -0.12706733 0.60945272 0.56496549 -0.26627681 -0.78096867 -135.72100830 -32.72951126 676.43365479
0.24574596 0.95843649 -0.14494863 0.78961349 -0.11119803 0.60344607 0.56224543 -0.26274809 -0.78412050 -141.62570190 -31.67403030 686.59069824
0.25316855 0.95769173 -0.13687178 0.79596841 -0.12579159 0.59212524 0.54985487 -0.25885341 -0.79413849 -148.60076904 -26.57761955 694.95452881
0.23562872 0.96058035 -0.14753357 0.79693925 -0.10410017 0.59502327 0.55620807 -0.25778019 -0.79005283 -158.05416870 -23.57818794 703.55615234
0.26135054 0.95186526 -0.16015601 0.80494457 -0.12335888 0.58038652 0.53269184 -0.28060135 -0.79843843 -167.51995850 -26.08194160 705.87841797
0.25806287 0.95209467 -0.16407594 0.80858994 -0.11989932 0.57602769 0.52875906 -0.28132185 -0.80079561 -176.80198669 -28.75472260 706.77941895
0.26208207 0.94760108 -0.18266606 0.79313213 -0.10366920 0.60016310 0.54977715 -0.30217060 -0.77874237 -188.14750671 -30.26682663 714.49774170
0.24299248 0.94817454 -0.20474729 0.79992175 -0.07647053 0.59521335 0.54870784 -0.30841446 -0.77704692 -195.46308899 -30.87808990 713.30029297
0.25398993 0.93853396 -0.23376240 0.80754304 -0.07275837 0.58530527 0.53231943 -0.33743498 -0.77638614 -205.62310791 -29.57981300 721.55249023
0.25669652 0.93920428 -0.22804363 0.81654555 -0.08451624 0.57106233 0.51706958 -0.33279777 -0.78859776 -213.27250671 -26.92745590 717.69268799
0.31620005 0.92544109 -0.20875333 0.78568858 -0.13212693 0.60434878 0.53170604 -0.35511026 -0.76888692 -227.66029358 -20.74209785 722.79595947
0.22706172 0.95730472 -0.17891911 0.77770877 -0.06765737 0.62497443 0.58618474 -0.28105485 -0.75986654 -224.23306274 -18.75852203 712.21075439
0.22621745 0.95261395 -0.20335594 0.78387350 -0.05410238 0.61856025 0.57824606 -0.29933456 -0.75896764 -227.24501038 -11.70604038 705.88073730
0.27362910 0.93936473 -0.20669448 0.78080630 -0.09145062 0.61804515 0.56166637 -0.33050355 -0.75848514 -243.73612976 -5.34284353 724.24011230
0.29170507 0.92368174 -0.24843940 0.78508019 -0.08283445 0.61383134 0.54640424 -0.37410265 -0.74932712 -248.61801147 -0.07832217 721.41937256
0.29326421 0.91199768 -0.28680715 0.78228599 -0.05646328 0.62035638 0.54956836 -0.40629357 -0.73000115 -252.75407410 4.19346905 712.28448486
-0.00802671 0.96769601 -0.25199628 0.64669311 0.19723499 0.73680931 0.76270866 -0.15705055 -0.62738520 -261.20825195 13.18856812 716.40441895
0.22728151 0.95364249 -0.19725947 0.79615945 -0.06531890 0.60155237 0.56078005 -0.29377186 -0.77409649 -255.65045166 7.46803617 701.89996338
0.09772397 0.94563746 -0.31019682 0.74166840 0.13863496 0.65628517 0.66361094 -0.29419813 -0.68780065 -270.47900391 12.49286270 714.99877930
0.23792920 0.94931304 -0.20541865 0.78497326 -0.06338587 0.61628002 0.57202101 -0.30787927 -0.76026577 -257.91580200 5.65666008 697.09625244
0.16716814 0.95868117 -0.23019017 0.70345896 0.04760802 0.70914090 0.69079775 -0.28047535 -0.66643363 -262.93121338 10.33838272 696.92327881
0.13675229 0.96994501 -0.20126617 0.80500430 0.00959139 0.59319323 0.57729399 -0.24314091 -0.77949715 -257.78640747 5.45460320 691.84088135
0.08905418 0.98751569 -0.12994054 0.79117286 0.00911818 0.61152601 0.60507512 -0.15726484 -0.78048271 -256.38806152 -1.03366780 700.35925293
0.02451801 0.98635155 -0.16282508 0.83540207 0.06924457 0.54526186 0.54909360 -0.14939362 -0.82230127 -245.65144348 -5.89740705 691.09747314
0.23425370 0.95817983 -0.16437469 0.82511270 -0.10654109 0.55483329 0.51411629 -0.26559967 -0.81556278 -233.78030396 -16.65234756 688.40863037
0.25739512 0.91112536 -0.32187080 0.75933474 0.01529385 0.65052217 0.59762859 -0.41184890 -0.68791133 -225.57298279 -21.14148331 685.53253174
0.33104768 0.88868481 -0.31725252 0.71966594 -0.02032563 0.69402438 0.61031944 -0.45807099 -0.64628375 -228.82542419 -18.03619194 686.30065918
0.02748509 0.96734011 -0.25199258 0.72843200 0.15325435 0.66775894 0.68456799 -0.20191331 -0.70042801 -220.32183838 -19.97454834 681.78259277
0.22851521 0.89093906 -0.39244214 0.74967057 0.09614201 0.65479219 0.62110907 -0.44383240 -0.64593953 -212.44479370 -25.96545219 686.46386719
0.21856198 0.90511227 -0.36469808 0.76617843 0.07227940 0.63855177 0.60432041 -0.41898707 -0.67767859 -208.00323486 -27.21577835 690.13885498
0.23403473 0.88549703 -0.40140375 0.75775820 0.09253750 0.64594203 0.60912395 -0.45534003 -0.64933431 -200.27256775 -27.71689034 688.09436035
0.23358092 0.89309102 -0.38448733 0.75782657 0.08053948 0.64746726 0.60921288 -0.44261101 -0.65799427 -194.03605652 -27.14933395 694.90313721
0.21449518 0.89949471 -0.38066176 0.77922797 0.07738813 0.62194562 0.58889484 -0.43002689 -0.68431062 -184.22235107 -25.65575981 692.69421387
0.23528570 0.88248193 -0.40726957 0.76850420 0.08761331 0.63381910 0.59501553 -0.46211722 -0.65757549 -174.52951050 -25.98546600 694.71899414
0.32509959 0.82737827 -0.45799297 0.74172843 0.07734252 0.66622692 0.58664334 -0.55629671 -0.58854461 -163.68374634 -30.24983978 695.06121826
0.23393595 0.89230961 -0.38608253 0.72065371 0.10741816 0.68492383 0.65263557 -0.43846053 -0.61791593 -162.78796387 -33.75253677 712.93395996
0.31206405 0.83251446 -0.45775297 0.74519914 0.08437775 0.66148281 0.58931744 -0.54754227 -0.59405649 -147.97421265 -41.79004669 703.40576172
0.23683724 0.87182206 -0.42876139 0.72755456 0.13332075 0.67297155 0.64387351 -0.47133237 -0.60272163 -144.08181763 -44.29206467 710.17486572
0.31541300 0.82504368 -0.46884921 0.74820697 0.08768323 0.65764636 0.58369648 -0.55822664 -0.58964574 -131.57067871 -49.03138733 704.51074219
0.22728725 0.88793117 -0.39990094 0.71802926 0.12460483 0.68476886 0.65785646 -0.44278011 -0.60923827 -129.91493225 -51.27324295 720.57348633
0.25271490 0.84623206 -0.46907201 0.77119499 0.11659584 0.62583107 0.58428961 -0.51990294 -0.62314308 -118.23905182 -53.57015610 711.93170166
0.27741709 0.80734795 -0.52079862 0.75161111 0.15527236 0.64107102 0.59843248 -0.56928200 -0.56373519 -110.31872559 -54.88900375 710.06597900
0.27625257 0.79617250 -0.53832740 0.75388354 0.16790196 0.63519245 0.59610838 -0.58130962 -0.55383658 -103.05567932 -55.26062393 711.18780518
0.29205993 0.77839929 -0.55569613 0.75532925 0.16868141 0.63326538 0.58666837 -0.60468507 -0.53868115 -92.95035553 -55.21486282 712.74768066
0.30699226 0.74670142 -0.59008068 0.76229817 0.17827949 0.62218839 0.56978774 -0.64082462 -0.51447731 -80.47170258 -56.00536728 713.64849854
0.37956938 0.65269655 -0.65568018 0.72372961 0.23200713 0.64991450 0.57631892 -0.72122264 -0.38431177 -67.25601196 -59.98882675 708.75549316
0.31359348 0.71010983 -0.63040102 0.76322985 0.20647319 0.61224973 0.56492513 -0.67313838 -0.47722715 -59.97145844 -63.21342850 718.90734863
0.29012513 0.71359819 -0.63765770 0.77090794 0.22053377 0.59755045 0.56703550 -0.66493976 -0.48613486 -57.64238358 -64.16473389 724.13830566
0.28254583 0.70012778 -0.65573704 0.76914138 0.24314713 0.59101754 0.57322806 -0.67134410 -0.46979585 -56.43328476 -63.44887924 727.46185303
0.27545440 0.68787384 -0.67153293 0.76727676 0.26352978 0.58466995 0.57914782 -0.67630166 -0.45519799 -56.21187973 -61.67654800 731.61492920
0.26765996 0.66946369 -0.69294918 0.77806741 0.27401605 0.56526715 0.56830460 -0.69046074 -0.44754356 -57.35542679 -57.36626816 730.32879639
0.27883905 0.66192603 -0.69577622 0.78088069 0.26544571 0.56547719 0.55899441 -0.70099574 -0.44286749 -59.23608780 -53.16779327 735.60681152
0.27688381 0.65888375 -0.69943511 0.78253978 0.26780522 0.56206101 0.55764472 -0.70296168 -0.44145048 -61.99586105 -49.23255920 741.09356689
0.27790412 0.63733268 -0.71873373 0.78138208 0.28523159 0.55505484 0.55875957 -0.71585786 -0.41873178 -63.39075089 -44.55046082 742.24291992
0.29098201 0.62714529 -0.72250938 0.77960914 0.28231102 0.55902690 0.55456281 -0.72594196 -0.40677914 -64.32569122 -39.99160004 744.73284912
0.29338223 0.62012833 -0.72757775 0.77773446 0.28775245 0.55886376 0.55592895 -0.72982323 -0.39787200 -66.63928986 -35.69953537 749.70587158
0.30145624 0.60851222 -0.73405629 0.78167558 0.28312883 0.55571800 0.54599297 -0.74131858 -0.39030647 -71.95816040 -34.27875137 760.23687744
0.29054552 0.63156217 -0.71882814 0.78993195 0.26563510 0.55267209 0.53999221 -0.72840196 -0.42171040 -77.69895935 -35.36889648 767.70001221
0.29595706 0.61675507 -0.72939980 0.78737509 0.27479780 0.55184025 0.54078704 -0.73763245 -0.40428755 -82.04691315 -37.75640869 765.58093262
0.29487482 0.62137622 -0.72590756 0.77013874 0.29514644 0.56548733 0.56562883 -0.72579765 -0.39151299 -85.60239410 -41.09642410 770.51556396
0.28140604 0.61227340 -0.73887324 0.77149320 0.31351846 0.55362934 0.57062227 -0.72583026 -0.38413706 -87.09348297 -42.30081558 767.57769775
0.28165495 0.59254456 -0.75469428 0.77511835 0.32309729 0.54295546 0.56556433 -0.73790342 -0.36828834 -89.96353912 -42.90010071 767.83526611
0.27906936 0.58130497 -0.76433432 0.77249670 0.33690584 0.53827894 0.57041228 -0.74066269 -0.35503426 -93.69822693 -42.43608856 767.68243408
0.28297222 0.56863505 -0.77238798 0.77852088 0.33418709 0.53124875 0.56020820 -0.75164855 -0.34812671 -96.99312592 -41.37321472 763.77905273
0.27865276 0.58066624 -0.76497173 0.77381498 0.33602113 0.53693700 0.56882721 -0.74156511 -0.35569310 -99.25803375 -39.51152420 766.39599609
0.28134423 0.58282310 -0.76234186 0.77809745 0.32638976 0.53668904 0.56161475 -0.74417019 -0.36166331 -99.44902039 -36.05424118 767.44866943
0.28481013 0.56779546 -0.77233022 0.77713555 0.33492568 0.53280973 0.56119955 -0.75195450 -0.34586179 -98.16225433 -30.62503242 767.62579346
0.28464222 0.56547999 -0.77408904 0.77598774 0.33821142 0.53240699 0.56287050 -0.75222862 -0.34253424 -96.22634888 -25.08955956 770.07104492
0.27857754 0.55615872 -0.78299719 0.78281951 0.34083080 0.52060443 0.55640745 -0.75797367 -0.34042209 -93.40682220 -21.14857483 767.21490479
0.27778587 0.53900814 -0.79517782 0.78794628 0.34566414 0.50956655 0.54952419 -0.76810724 -0.32868674 -91.23844910 -18.80300331 762.86328125
0.27612826 0.53546816 -0.79814124 0.79137909 0.34457630 0.50496274 0.54541129 -0.77106613 -0.32860902 -90.31280518 -18.51029396 761.35485840
0.27904546 0.52566433 -0.80362499 0.78873330 0.35189492 0.50405443 0.54775435 -0.77449924 -0.31641227 -88.42990875 -18.25544167 756.62890625
0.27927688 0.51225394 -0.81215930 0.79421347 0.35213208 0.49520597 0.53965813 -0.78332686 -0.30849460 -86.97434235 -17.77992058 752.92083740
0.27539289 0.51090485 -0.81433254 0.79556477 0.35440838 0.49139827 0.53966367 -0.78318125 -0.30885434 -85.71822357 -17.84053230 751.27740479
0.28102249 0.49480796 -0.82231015 0.79850239 0.35475886 0.48635471 0.53237361 -0.79329252 -0.29540810 -84.74149323 -18.45743179 746.20367432
0.27304167 0.49663606 -0.82389528 0.79500818 0.36574480 0.48393553 0.54167485 -0.78713721 -0.29496405 -86.36373901 -19.10589218 743.99298096
0.27649546 0.48842373 -0.82764435 0.79539722 0.36703008 0.48232046 0.53934664 -0.79166448 -0.28700665 -88.60343933 -19.05383873 742.60070801
0.27231690 0.47569609 -0.83639681 0.79016799 0.38546732 0.47649783 0.54907125 -0.79065132 -0.27090850 -92.51244354 -18.18968391 739.93457031
0.26024023 0.47415701 -0.84110230 0.78336418 0.40557387 0.47101089 0.56446165 -0.78146428 -0.26588887 -98.53710938 -16.55433083 737.34906006
0.24804164 0.48007223 -0.84143269 0.77513027 0.42263752 0.46962881 0.58107620 -0.76870632 -0.26728481 -104.38281250 -12.35557270 735.01062012
0.24046621 0.48414195 -0.84129995 0.77719432 0.42320877 0.46568647 0.58150327 -0.76583415 -0.27450299 -109.48371124 -6.13445187 733.92358398
0.25649872 0.46567234 -0.84697157 0.79008919 0.40374002 0.46125215 0.55674803 -0.78749233 -0.26436192 -112.16613007 0.33560500 727.20880127
0.25357214 0.46085745 -0.85047913 0.78610551 0.41416672 0.45880768 0.56368446 -0.78490579 -0.25725949 -114.98409271 6.97184134 724.50811768
0.25496078 0.45338756 -0.85407138 0.79678226 0.40191978 0.45121950 0.54784489 -0.79555076 -0.25877538 -117.78559875 11.80741501 720.57318115
0.25506309 0.44295877 -0.85949594 0.80479711 0.39544746 0.44263256 0.53595299 -0.80461764 -0.25562581 -120.44929504 15.96138191 716.03234863
0.26032677 0.42297274 -0.86794394 0.81443787 0.38661742 0.43268749 0.51857680 -0.81952536 -0.24383610 -124.11721039 18.99101257 709.70581055
0.26032051 0.41569355 -0.87145549 0.82398951 0.37480518 0.42492735 0.50326520 -0.82868606 -0.24495552 -129.87052917 20.84626389 705.93756104
0.26170325 0.40877154 -0.87431103 0.82224280 0.37993699 0.42375174 0.50540048 -0.82979167 -0.23667666 -135.28723145 21.46556854 702.36865234
0.24213038 0.42486009 -0.87227839 0.81221169 0.40302849 0.42175949 0.53074145 -0.81059396 -0.24748881 -141.41253662 23.11651611 703.08593750
0.25585860 0.40894574 -0.87595809 0.82708859 0.37648937 0.41735014 0.50046217 -0.83127606 -0.24190427 -145.12965393 26.31739044 693.14752197
0.27740756 0.39203912 -0.87712789 0.83434039 0.35436323 0.42226043 0.47636414 -0.84895968 -0.22878897 -145.57635498 31.11615753 687.53985596
0.30982265 0.35019699 -0.88395399 0.82120204 0.37001362 0.43441671 0.47920609 -0.86049551 -0.17294200 -144.33995056 36.65230942 688.65118408
0.31456238 0.35014722 -0.88229811 0.81984949 0.36825848 0.43844387 0.47843331 -0.86126846 -0.17122591 -143.80070496 43.42749786 692.00573730
0.39582887 0.20795313 -0.89447063 0.86431271 0.24475448 0.43938521 0.31029704 -0.94702220 -0.08285387 -137.75674438 42.37809372 685.84686279
0.32815024 0.33665767 -0.88259947 0.83490556 0.33369309 0.43770087 0.44187230 -0.88051766 -0.17157407 -143.81893921 47.43623352 690.51831055
0.43802819 0.24721204 -0.86430347 0.84527540 0.21401672 0.48959854 0.30600962 -0.94503093 -0.11521515 -138.47537231 37.58440781 679.48376465
0.31781062 0.33253968 -0.88792843 0.84706914 0.32116887 0.42346743 0.42599413 -0.88671780 -0.17961137 -143.48382568 40.83803177 689.76562500
0.31825936 0.30883670 -0.89628893 0.82609707 0.37345171 0.42201632 0.46505409 -0.87473106 -0.13627280 -144.13726807 35.84814072 704.86511230
0.42512941 0.21961650 -0.87808686 0.83904058 0.26828218 0.47332433 0.33952418 -0.93797332 -0.07021081 -136.06196594 25.18747902 709.02044678
0.29009533 0.30316976 -0.90770906 0.81299567 0.42230278 0.40087244 0.50485981 -0.85425371 -0.12396585 -132.72210693 26.15845108 709.32922363
0.28980586 0.18074484 -0.93986529 0.90127015 0.27891243 0.33154237 0.32206437 -0.94315422 -0.08206777 -120.54312134 17.26357651 707.57843018
0.26259816 0.29544029 -0.91856414 0.83329213 0.41052717 0.37025943 0.48648459 -0.86266077 -0.13838261 -113.22214508 18.32035828 709.45587158
0.25376281 0.21332827 -0.94345021 0.93110603 0.21032725 0.29800054 0.26200512 -0.95407254 -0.14525619 -98.25992584 12.79479694 699.42773438
0.30984455 0.13653529 -0.94093430 0.85219193 0.39896965 0.33851504 0.42162302 -0.90674239 0.00726595 -90.00473785 13.09646320 705.59222412
0.39704987 0.04219910 -0.91682798 0.86774355 0.30812463 0.38997507 0.29895344 -0.95040989 0.08572441 -82.53555298 6.70459366 710.06597900
0.29811108 0.10929111 -0.94825524 0.83880085 0.44413695 0.31488985 0.45556939 -0.88926852 0.04073030 -86.44645691 13.31709862 721.59326172
0.41576681 0.01291375 -0.90938109 0.85390937 0.33859357 0.39521322 0.31301376 -0.94084442 0.12975034 -80.39521027 7.65370083 709.57318115
0.29721147 0.08138046 -0.95133877 0.83198774 0.46678081 0.29985419 0.46846834 -0.88062131 0.07102668 -87.31144714 14.11329937 740.13519287
0.42372480 -0.04220768 -0.90480864 0.85923123 0.33487245 0.38675937 0.28667068 -0.94131809 0.17816140 -81.75181580 4.03755236 731.92810059
0.30598393 0.03995702 -0.95119947 0.84178108 0.45536268 0.28991413 0.44472417 -0.88940942 0.10570013 -87.75466156 6.32216549 754.83898926
0.43857792 -0.01243395 -0.89860898 0.82187462 0.41004878 0.39545268 0.36355555 -0.91197932 0.19005889 -83.15859222 -6.95391417 749.42584229
0.30149993 0.00158853 -0.95346671 0.84158909 0.46956399 0.26690474 0.44813669 -0.88289762 0.14023812 -87.38191223 -1.70274329 767.63323975
0.38193020 -0.03771742 -0.92342317 0.79868329 0.51620591 0.30925268 0.46501115 -0.85563415 0.22728018 -84.05239105 -15.47120953 769.37774658
