0.64389139 0.76228577 0.06575552 -0.17498688 0.23038082 -0.95723826 -0.74483782 0.60485035 0.28172985 209.71124268 -43.45257568 1222.49560547
0.63458318 0.76809245 0.08566197 -0.08334417 0.17820343 -0.98045760 -0.76834756 0.61504251 0.17710112 212.67955017 -47.38669968 1224.38037109
0.60211354 0.79426700 0.08124561 0.06402576 0.05339795 -0.99651861 -0.79583955 0.60521871 -0.01870185 208.01551819 -48.66513443 1225.53027344
0.57805407 0.79707628 0.17471068 0.17190687 0.09034594 -0.98096186 -0.79768556 0.59708232 -0.08479810 202.33929443 -47.10976410 1230.00671387
0.55946994 0.79886955 0.22091265 0.19042590 0.13551253 -0.97230345 -0.80667943 0.58604181 -0.07630995 214.63154602 -46.85498047 1233.53930664
0.54773641 0.78955680 0.27673969 0.21679266 0.18553299 -0.95842487 -0.80807531 0.58495933 -0.06954664 225.54684448 -52.00730515 1232.92016602
0.56988561 0.80012983 0.18714513 0.16126503 0.11441602 -0.98025650 -0.80574465 0.58881384 -0.06382892 233.70138550 -45.63211823 1232.96337891
0.57987624 0.79491979 0.17845257 0.13000417 0.12594782 -0.98348135 -0.80426484 0.59349722 -0.03030853 241.05151367 -51.89575195 1231.53295898
0.58547038 0.79386443 0.16432819 0.11185540 0.12165889 -0.98624897 -0.80294007 0.59580082 -0.01757015 238.41659546 -62.72052002 1231.03161621
0.58224159 0.80838758 0.08662433 0.04353702 0.07539185 -0.99620324 -0.81184894 0.58380234 0.00870150 239.25216675 -73.13806915 1227.46887207
0.57310003 0.81408459 0.09393041 0.07796780 0.05993444 -0.99515277 -0.81576806 0.57764548 -0.02912409 240.84609985 -81.73217773 1226.76916504
0.56821769 0.81559992 0.10920206 0.09707110 0.06534357 -0.99312991 -0.81713235 0.57491416 -0.04204146 237.01930237 -92.21937561 1226.56701660
0.55291754 0.81475562 0.17451927 0.18026581 0.08751977 -0.97971684 -0.81350332 0.57316220 -0.09848101 237.15405273 -101.05089569 1227.49121094
0.54895777 0.80656272 0.21932238 0.17767633 0.14379467 -0.97352672 -0.81674737 0.57339340 -0.06436975 241.48667908 -111.01659393 1226.31921387
0.53593254 0.79520065 0.28360426 0.24146861 0.17751206 -0.95403445 -0.80899221 0.57977974 -0.09688205 243.66151428 -117.29840088 1226.09887695
0.53544581 0.77636045 0.33250961 0.27274966 0.21365313 -0.93806189 -0.79931539 0.59297293 -0.09735245 246.55519104 -119.07678223 1224.96545410
0.52500069 0.76116168 0.38079789 0.28834260 0.26189062 -0.92101675 -0.80077046 0.59333473 -0.08198241 246.59301758 -119.61357880 1225.53723145
0.50891161 0.75574231 0.41214401 0.32666150 0.27342179 -0.90472788 -0.79643023 0.59505814 -0.10772453 251.22596741 -124.60038757 1224.91723633
0.52174473 0.78991735 0.32220164 0.28649586 0.19350904 -0.93833578 -0.80355614 0.58188099 -0.12534598 258.80908203 -120.62590790 1225.80615234
0.53787875 0.82251775 0.18479815 0.20864676 0.08250271 -0.97450477 -0.81679410 0.56272310 -0.12723961 264.48431396 -121.65787506 1226.92895508
0.53884411 0.82431465 0.17364472 0.21093936 0.06753303 -0.97516382 -0.81556869 0.56208909 -0.13749091 270.92105103 -122.88430023 1225.62023926
0.54102600 0.82069367 0.18372048 0.21374200 0.07709996 -0.97384304 -0.81339109 0.56614327 -0.13370380 276.68014526 -126.62997437 1225.54174805
0.53433663 0.81826353 0.21196543 0.27422830 0.06938871 -0.95915782 -0.79955232 0.57063985 -0.18731430 283.82028198 -129.36410522 1225.68627930
0.53989410 0.81539249 0.20892429 0.25512296 0.07801440 -0.96375626 -0.80213797 0.57362741 -0.16590536 289.96081543 -135.67489624 1225.78808594
0.54322392 0.80932772 0.22337620 0.28272742 0.07418071 -0.95632821 -0.79055285 0.58265454 -0.18852183 287.22021484 -139.25614929 1230.10607910
0.55393386 0.81431878 0.17332451 0.23578805 0.04621754 -0.97070491 -0.79847419 0.57857448 -0.16640498 292.04049683 -139.37930298 1232.67480469
0.55585718 0.81061274 0.18420184 0.21063054 0.07701506 -0.97452742 -0.80415034 0.58049601 -0.12793055 291.47366333 -143.54284668 1234.42993164
0.55156785 0.80864888 0.20459859 0.23983717 0.08117839 -0.96741331 -0.79890662 0.58266425 -0.14916861 292.09368896 -149.32867432 1237.30993652
0.55782539 0.82583940 0.08258693 0.15911996 -0.00875462 -0.98722059 -0.81456274 0.56383783 -0.13629083 296.31100464 -155.01701355 1239.38500977
0.55851007 0.82813382 0.04755083 0.13951148 -0.03727205 -0.98951888 -0.81768197 0.55929029 -0.13635063 299.32623291 -162.87197876 1239.15136719
0.55762893 0.81962711 0.13138029 0.18171901 0.03389892 -0.98276579 -0.80995518 0.57189292 -0.13003890 302.77630615 -169.15402222 1237.43713379
0.55765563 0.81481057 0.15844357 0.19770864 0.05500393 -0.97871637 -0.80618316 0.57711214 -0.13042194 310.94598389 -176.89108276 1234.47106934
0.54805952 0.82860482 0.11421663 0.20073614 0.00226418 -0.97964281 -0.81199509 0.55982995 -0.16508998 319.74899292 -182.51753235 1233.82568359
0.54401296 0.82970864 0.12503426 0.19829492 0.01766420 -0.97998315 -0.81530964 0.55791688 -0.15491770 322.36456299 -187.62074280 1234.14562988
0.53735691 0.83304745 0.13144967 0.23730004 0.00021672 -0.97143632 -0.80928171 0.55320144 -0.19756617 328.72238159 -194.14877319 1232.92968750
0.54147500 0.82850873 0.14275073 0.21744308 0.02600524 -0.97572660 -0.81211042 0.55937195 -0.16607232 331.22778320 -201.26785278 1231.25927734
0.54058421 0.83029544 0.13556506 0.22626404 0.01171249 -0.97399592 -0.81029201 0.55720013 -0.18153426 331.33233643 -210.23042297 1229.87255859
0.54213834 0.83344978 0.10699476 0.21533622 -0.01472118 -0.97642916 -0.81222939 0.55239952 -0.18745264 331.42465210 -220.79924011 1228.05102539
0.53852767 0.83719915 0.09531772 0.23445278 -0.04022669 -0.97129488 -0.80933303 0.54541671 -0.21794665 330.52459717 -230.08744812 1226.92089844
0.53574795 0.83249986 0.14113003 0.27924040 -0.01694581 -0.96007192 -0.79686826 0.55376601 -0.24154584 327.04220581 -235.24479675 1226.90136719
0.53896892 0.83103299 0.13746667 0.26293692 -0.01094259 -0.96475112 -0.80023509 0.55611581 -0.22440724 332.79281616 -243.02033997 1224.39660645
0.53578794 0.83153510 0.14656246 0.29198617 -0.01959812 -0.95622206 -0.79225975 0.55512637 -0.25329706 337.48037720 -251.81253052 1221.43054199
0.52382648 0.84752518 0.08547501 0.30209792 -0.09101489 -0.94892222 -0.79645634 0.52289230 -0.30371183 339.95489502 -263.15002441 1218.58886719
0.54216379 0.83919883 0.04248150 0.31938750 -0.15905070 -0.93418139 -0.77720660 0.52004689 -0.35426083 339.25360107 -272.43197632 1215.67529297
0.55213004 0.83335960 0.02578812 0.28048226 -0.15652467 -0.94701123 -0.78516340 0.53010625 -0.32016400 335.73770142 -282.36120605 1213.48107910
0.55747235 0.82976806 0.02663357 0.23380722 -0.12613706 -0.96406621 -0.79659224 0.54366767 -0.26432371 334.34796143 -293.08425903 1211.22167969
0.55982447 0.82857174 -0.00805765 0.19943978 -0.14417700 -0.96924549 -0.80425125 0.54100049 -0.24596420 334.67901611 -303.70840454 1208.56811523
0.56155550 0.82622814 -0.04474333 0.17268409 -0.16990742 -0.97021204 -0.80921924 0.53710216 -0.23808903 331.76193237 -313.43090820 1207.07055664
0.56288654 0.82012546 -0.10272137 0.15879580 -0.22926936 -0.96032238 -0.81113654 0.52424085 -0.25928524 333.85980225 -323.23483276 1205.83935547
0.56039357 0.82103586 -0.10889876 0.11459406 -0.20708305 -0.97158885 -0.82026064 0.53199303 -0.21013391 333.76751709 -332.15884399 1205.29040527
0.55972087 0.82137966 -0.10976322 0.13711536 -0.22242643 -0.96525949 -0.81725854 0.52522546 -0.23712026 333.49243164 -342.85226440 1204.89562988
0.55845177 0.81418133 -0.15886874 0.09368811 -0.25219420 -0.96313059 -0.82422918 0.52297831 -0.21711753 332.40701294 -352.85183716 1207.54992676
0.56563401 0.80777657 -0.16599990 0.10381005 -0.26944131 -0.95740521 -0.81809676 0.52430832 -0.23626028 328.74972534 -362.21606445 1209.23413086
0.55375004 0.80291659 -0.22064948 0.07728073 -0.31339836 -0.94647199 -0.82908911 0.50705683 -0.23559435 325.41171265 -371.27023315 1212.60949707
0.54694903 0.80458814 -0.23126881 0.07556409 -0.32257152 -0.94352460 -0.83374894 0.49858397 -0.23722769 322.23602295 -379.50347900 1214.13488770
0.54573637 0.80961490 -0.21609147 0.06378425 -0.29726651 -0.95266169 -0.83552581 0.50611883 -0.21386975 321.07241821 -387.62725830 1213.47656250
0.53872967 0.81190032 -0.22491933 0.05297627 -0.29909176 -0.95275271 -0.84081179 0.50136048 -0.20414115 318.66085815 -393.57989502 1212.95800781
0.53414607 0.81679887 -0.21800725 0.02659584 -0.27398503 -0.96136636 -0.84497356 0.50771201 -0.16807133 316.19885254 -398.14132690 1212.19726562
0.54442716 0.82296675 -0.16225071 0.06480907 -0.23412144 -0.97004491 -0.83630091 0.51760322 -0.18079773 322.53573608 -407.73693848 1207.90112305
0.54794067 0.82781905 -0.12031980 0.11001315 -0.21389699 -0.97064149 -0.82925135 0.51861697 -0.20827402 321.50778198 -415.58688354 1205.72729492
0.55136669 0.82911819 -0.09251142 0.12621894 -0.19251716 -0.97314227 -0.82465947 0.52488106 -0.21079817 323.51223755 -421.24127197 1203.47827148
0.55370903 0.83009177 -0.06598146 0.14426036 -0.17366263 -0.97418195 -0.82011920 0.52989525 -0.21590789 322.99102783 -427.33813477 1201.62890625
0.55377501 0.83098340 -0.05291422 0.14890920 -0.16135758 -0.97559714 -0.81924278 0.53238195 -0.21309672 322.74819946 -428.91607666 1201.16699219
0.55451840 0.83137637 -0.03637868 0.15824340 -0.14826237 -0.97620589 -0.81698781 0.53556722 -0.21377382 322.25500488 -432.50262451 1200.08935547
0.55577779 0.83109784 -0.01968147 0.16912042 -0.13621169 -0.97613764 -0.81394672 0.53918701 -0.21625903 322.06649780 -437.02111816 1198.61596680
0.55646765 0.83080405 -0.01039579 0.17433588 -0.12898420 -0.97620189 -0.81237340 0.54141235 -0.21661463 321.78991699 -439.42349243 1197.86682129
0.55716068 0.83037496 -0.00703700 0.17422608 -0.12517853 -0.97671688 -0.81192219 0.54296213 -0.21441741 322.24130249 -439.73001099 1197.66003418
0.55767256 0.83006108 0.00031713 0.17834403 -0.11944664 -0.97669131 -0.81067538 0.54473037 -0.21464850 321.96524048 -441.29672241 1197.18835449
0.55785900 0.82993323 0.00210599 0.17919065 -0.11796843 -0.97671634 -0.81036109 0.54524732 -0.21452513 321.91647339 -441.72784424 1197.05261230
0.55798578 0.82984054 0.00407960 0.18142186 -0.11718799 -0.97639811 -0.80977654 0.54555583 -0.21594059 321.35006714 -442.25274658 1197.00683594
0.55833197 0.82957268 0.00863598 0.18625589 -0.11519916 -0.97572416 -0.80843961 0.54638630 -0.21883214 320.89508057 -443.81985474 1196.57519531
0.55855036 0.82937640 0.01251611 0.18977757 -0.11308958 -0.97529292 -0.80746907 0.54712546 -0.22056299 320.36480713 -444.80990601 1196.35791016
0.55854964 0.82933801 0.01485470 0.19188270 -0.11176619 -0.97503299 -0.80697161 0.54745430 -0.22156268 319.89517212 -445.26754761 1196.30883789
0.55846113 0.82937920 0.01585938 0.19315070 -0.11141698 -0.97482240 -0.80673063 0.54746306 -0.22241727 319.56115723 -445.44900513 1196.32360840
0.55847096 0.82936585 0.01620519 0.19343016 -0.11120379 -0.97479159 -0.80665660 0.54752725 -0.22252855 319.54556274 -445.49273682 1196.31237793
0.55849427 0.82935470 0.01597213 0.19333369 -0.11141972 -0.97478598 -0.80666363 0.54750031 -0.22256958 319.75540161 -445.55334473 1196.24279785
0.55860084 0.82928187 0.01603137 0.19316062 -0.11126731 -0.97483778 -0.80663139 0.54764175 -0.22233851 319.88046265 -445.57992554 1196.20495605
0.55858088 0.82928735 0.01643245 0.19341815 -0.11096390 -0.97482109 -0.80658340 0.54769433 -0.22238174 319.75744629 -445.55493164 1196.24230957
0.55862957 0.82922000 0.01810316 0.19429447 -0.10961106 -0.97480053 -0.80633956 0.54806960 -0.22234415 319.42028809 -445.65682983 1196.28503418
0.55853629 0.82924587 0.01972679 0.19557753 -0.10854485 -0.97466266 -0.80609363 0.54824233 -0.22280805 318.75262451 -445.65692139 1196.43969727
0.55847424 0.82923871 0.02166392 0.19704755 -0.10724768 -0.97451025 -0.80577844 0.54850787 -0.22329444 317.92272949 -445.62045288 1196.64453125
0.55846518 0.82919097 0.02364544 0.19839120 -0.10583151 -0.97439241 -0.80545485 0.54885513 -0.22360742 317.33792114 -445.69229126 1196.75451660
0.55835199 0.82919067 0.02618506 0.20060557 -0.10432044 -0.97410172 -0.80498469 0.54914451 -0.22458795 316.23400879 -445.74163818 1196.99157715
0.55815291 0.82924795 0.02851763 0.20284122 -0.10304076 -0.97377485 -0.80456245 0.54929966 -0.22571811 314.93917847 -445.64907837 1197.32067871
0.55848831 0.82878512 0.03472358 0.20430535 -0.09686140 -0.97410280 -0.80395877 0.55111951 -0.22342174 313.32650757 -445.16687012 1197.85437012
0.55866915 0.82841331 0.04025644 0.20597878 -0.09156505 -0.97426331 -0.80340588 0.55258268 -0.22178997 311.88958740 -444.93041992 1198.25988770
0.55880326 0.82800293 0.04637453 0.20845328 -0.08611665 -0.97423369 -0.80267417 0.55407172 -0.22072220 310.18255615 -444.84838867 1198.67028809
0.55892891 0.82754624 0.05259567 0.21098003 -0.08058299 -0.97416300 -0.80192572 0.55558413 -0.21963638 308.40490723 -444.75061035 1199.09936523
0.55911219 0.82704633 0.05820727 0.21330816 -0.07565049 -0.97405195 -0.80118239 0.55702031 -0.21871257 306.91262817 -444.74093628 1199.43273926
0.55921632 0.82666534 0.06246668 0.21524386 -0.07201423 -0.97390163 -0.80059141 0.55806684 -0.21820629 305.80511475 -444.82794189 1199.64611816
0.55921692 0.82633954 0.06663013 0.21750136 -0.06868465 -0.97364014 -0.79998082 0.55896807 -0.21813986 304.59851074 -444.96127319 1199.86364746
0.55932057 0.82600981 0.06977285 0.21884218 -0.06595212 -0.97352850 -0.79954249 0.55978388 -0.21765427 303.98947144 -445.11740112 1199.94177246
0.55943871 0.82573938 0.07199384 0.21988702 -0.06410433 -0.97341698 -0.79917353 0.56039751 -0.21743171 303.46194458 -445.18978882 1200.03210449
0.55958343 0.82544106 0.07425139 0.22071758 -0.06207184 -0.97336066 -0.79884255 0.56106484 -0.21692404 303.03616333 -445.23922729 1200.10754395
0.55982673 0.82502013 0.07704222 0.22158991 -0.05947124 -0.97332489 -0.79843110 0.56196505 -0.21610975 302.55819702 -445.26608276 1200.20227051
0.56002891 0.82455641 0.08046209 0.22286941 -0.05640149 -0.97321534 -0.79793257 0.56296134 -0.21535492 301.71688843 -445.22885132 1200.39746094
0.56018102 0.82415998 0.08340808 0.22392789 -0.05371970 -0.97312421 -0.79753011 0.56380337 -0.21464469 300.85443115 -445.09887695 1200.62866211
0.56042469 0.82363254 0.08691356 0.22503722 -0.05044192 -0.97304350 -0.79704654 0.56487644 -0.21361662 300.00347900 -445.00015259 1200.84582520
0.56077749 0.82301146 0.09045075 0.22583756 -0.04694117 -0.97303367 -0.79657149 0.56608230 -0.21219039 299.23843384 -444.84750366 1201.06286621
0.56105524 0.82246530 0.09364475 0.22678268 -0.04392366 -0.97295451 -0.79610753 0.56711799 -0.21116415 298.63607788 -444.85626221 1201.18835449
0.56135356 0.82189125 0.09683245 0.22761050 -0.04083566 -0.97289544 -0.79566002 0.56817830 -0.20999491 298.00540161 -444.79583740 1201.34375000
0.56152904 0.82136005 0.10026258 0.22890951 -0.03775752 -0.97271520 -0.79516411 0.56915897 -0.20921873 297.21539307 -444.81494141 1201.50427246
0.56146479 0.82089806 0.10432804 0.23117323 -0.03454481 -0.97229928 -0.79455400 0.57002920 -0.20916532 295.98651123 -444.96545410 1201.71032715
0.56146532 0.82033229 0.10868073 0.23342790 -0.03100810 -0.97187942 -0.79389364 0.57104540 -0.20889869 294.75015259 -445.12155151 1201.91455078
0.56150800 0.81985033 0.11204465 0.23501450 -0.02817831 -0.97158343 -0.79339612 0.57188410 -0.20849907 293.80648804 -445.20098877 1202.08349609
0.56153440 0.81948048 0.11459329 0.23621020 -0.02602834 -0.97135377 -0.79302210 0.57251614 -0.20818509 293.03073120 -445.22015381 1202.23815918
0.56156570 0.81915951 0.11671193 0.23712794 -0.02418922 -0.97117698 -0.79272574 0.57305539 -0.20782956 292.34902954 -445.17544556 1202.39489746
0.56162608 0.81882387 0.11876189 0.23793596 -0.02236195 -0.97102338 -0.79244131 0.57360959 -0.20738640 291.67672729 -445.09286499 1202.56274414
0.56168014 0.81848663 0.12081084 0.23876402 -0.02054832 -0.97086042 -0.79215407 0.57415849 -0.20696630 291.01336670 -445.04266357 1202.71679688
0.56173259 0.81817222 0.12267775 0.23948933 -0.01887557 -0.97071540 -0.79189730 0.57466298 -0.20654643 290.39556885 -444.97708130 1202.86645508
0.56177175 0.81774783 0.12529948 0.24066857 -0.01663299 -0.97046477 -0.79151189 0.57533586 -0.20615000 289.58450317 -444.97256470 1203.03405762
0.56186473 0.81693584 0.13009511 0.24085540 -0.01110328 -0.97049719 -0.79138994 0.57662183 -0.20300220 289.77703857 -445.23977661 1202.89233398
0.56192142 0.81671393 0.13123757 0.24055751 -0.00954653 -0.97058785 -0.79143959 0.57696408 -0.20183136 289.78799438 -445.15582275 1202.91674805
0.56192821 0.81639874 0.13315180 0.24121383 -0.00775157 -0.97044075 -0.79123491 0.57743639 -0.20128259 289.27386475 -445.12902832 1203.03002930
0.56199861 0.81611073 0.13461307 0.24161327 -0.00632773 -0.97035211 -0.79106313 0.57786101 -0.20073913 288.85644531 -445.04574585 1203.14392090
0.56192195 0.81562954 0.13781352 0.24305852 -0.00355551 -0.97000533 -0.79067463 0.57856375 -0.20024335 289.19342041 -445.78771973 1202.81164551
0.56197667 0.81549662 0.13837436 0.24288182 -0.00277587 -0.97005183 -0.79068965 0.57875526 -0.19962937 289.21697998 -445.74575806 1202.82043457
0.56178290 0.81536233 0.13994466 0.24461047 -0.00211559 -0.96961915 -0.79029506 0.57894754 -0.20063466 289.48028564 -446.53985596 1202.48779297
0.56172419 0.81532192 0.14041568 0.24512888 -0.00191763 -0.96948856 -0.79017609 0.57900524 -0.20093608 289.55926514 -446.77810669 1202.38793945
0.56170636 0.81530917 0.14055698 0.24528450 -0.00185843 -0.96944928 -0.79014015 0.57902223 -0.20102619 289.58294678 -446.84954834 1202.35803223
0.56170130 0.81530589 0.14059934 0.24533105 -0.00184036 -0.96943766 -0.79012954 0.57902765 -0.20105356 289.59008789 -446.87103271 1202.34912109
0.56169999 0.81530488 0.14061214 0.24534503 -0.00183502 -0.96943408 -0.79012662 0.57902926 -0.20106167 289.59219360 -446.87747192 1202.34643555
0.56169915 0.81530446 0.14061584 0.24534915 -0.00183340 -0.96943301 -0.79012531 0.57902980 -0.20106402 289.59283447 -446.87936401 1202.34558105
0.56169879 0.81530422 0.14061694 0.24535057 -0.00183301 -0.96943283 -0.79012483 0.57902980 -0.20106475 289.59301758 -446.87997437 1202.34533691
0.56169897 0.81530440 0.14061734 0.24535058 -0.00183279 -0.96943253 -0.79012460 0.57902980 -0.20106508 289.59307861 -446.88012695 1202.34521484
0.56169903 0.81530434 0.14061739 0.24535097 -0.00183271 -0.96943241 -0.79012477 0.57902992 -0.20106512 289.59310913 -446.88015747 1202.34521484
0.56169897 0.81530416 0.14061745 0.24535108 -0.00183272 -0.96943259 -0.79012477 0.57902974 -0.20106517 289.59310913 -446.88018799 1202.34521484
0.56169879 0.81530422 0.14061722 0.24535103 -0.00183266 -0.96943241 -0.79012477 0.57902980 -0.20106526 289.59310913 -446.88018799 1202.34521484
0.56169897 0.81530434 0.14061749 0.24535111 -0.00183284 -0.96943265 -0.79012495 0.57902986 -0.20106509 289.59310913 -446.88018799 1202.34521484
0.56169915 0.81530416 0.14061758 0.24535112 -0.00183277 -0.96943259 -0.79012519 0.57902968 -0.20106506 289.59310913 -446.88018799 1202.34521484
0.56169921 0.81530434 0.14061747 0.24535091 -0.00183274 -0.96943253 -0.79012495 0.57902992 -0.20106521 289.59310913 -446.88018799 1202.34521484
0.56169903 0.81530422 0.14061733 0.24535085 -0.00183243 -0.96943229 -0.79012465 0.57902998 -0.20106514 289.59310913 -446.88018799 1202.34521484
0.56169909 0.81530428 0.14061758 0.24535100 -0.00183284 -0.96943265 -0.79012513 0.57902980 -0.20106505 289.59310913 -446.88018799 1202.34521484
0.56169909 0.81530440 0.14061750 0.24535099 -0.00183276 -0.96943259 -0.79012501 0.57902992 -0.20106515 289.59310913 -446.88018799 1202.34521484
0.56169844 0.81530434 0.14061737 0.24535096 -0.00183273 -0.96943265 -0.79012471 0.57903045 -0.20106511 289.59310913 -446.88018799 1202.34521484
0.56169879 0.81530428 0.14061750 0.24535115 -0.00183284 -0.96943265 -0.79012489 0.57902998 -0.20106497 289.59310913 -446.88018799 1202.34521484
0.56169927 0.81530410 0.14061749 0.24535094 -0.00183248 -0.96943223 -0.79012507 0.57902956 -0.20106524 289.59310913 -446.88018799 1202.34521484
0.56169897 0.81530470 0.14061770 0.24535079 -0.00183270 -0.96943259 -0.79012454 0.57902986 -0.20106520 289.59310913 -446.88018799 1202.34521484
0.56169897 0.81530440 0.14061756 0.24535093 -0.00183278 -0.96943259 -0.79012477 0.57902986 -0.20106515 289.59310913 -446.88018799 1202.34521484
0.56169891 0.81530440 0.14061747 0.24535102 -0.00183269 -0.96943259 -0.79012477 0.57902986 -0.20106508 289.59310913 -446.88018799 1202.34521484
0.56169903 0.81530434 0.14061747 0.24535103 -0.00183271 -0.96943241 -0.79012495 0.57902986 -0.20106514 289.59310913 -446.88018799 1202.34521484
0.56169873 0.81530446 0.14061737 0.24535099 -0.00183273 -0.96943247 -0.79012483 0.57903039 -0.20106506 289.59310913 -446.88018799 1202.34521484
0.56169885 0.81530434 0.14061743 0.24535091 -0.00183282 -0.96943259 -0.79012477 0.57902986 -0.20106509 289.59310913 -446.88018799 1202.34521484
0.56169903 0.81530428 0.14061749 0.24535097 -0.00183270 -0.96943259 -0.79012483 0.57902962 -0.20106509 289.59310913 -446.88018799 1202.34521484
0.56169862 0.81530446 0.14061753 0.24535112 -0.00183278 -0.96943277 -0.79012489 0.57903004 -0.20106496 289.59310913 -446.88018799 1202.34521484
0.56169885 0.81530452 0.14061762 0.24535099 -0.00183281 -0.96943277 -0.79012483 0.57903016 -0.20106512 289.59310913 -446.88018799 1202.34521484
0.56169897 0.81530434 0.14061759 0.24535100 -0.00183281 -0.96943283 -0.79012483 0.57902992 -0.20106515 289.59310913 -446.88018799 1202.34521484
0.56169885 0.81530374 0.14061710 0.24535096 -0.00183242 -0.96943235 -0.79012477 0.57902962 -0.20106539 289.59310913 -446.88018799 1202.34521484
0.56169897 0.81530452 0.14061759 0.24535096 -0.00183282 -0.96943265 -0.79012477 0.57903010 -0.20106514 289.59310913 -446.88018799 1202.34521484
0.56169873 0.81530422 0.14061756 0.24535102 -0.00183288 -0.96943265 -0.79012483 0.57902998 -0.20106508 289.59310913 -446.88018799 1202.34521484
0.56169873 0.81530446 0.14061756 0.24535094 -0.00183283 -0.96943265 -0.79012465 0.57902998 -0.20106509 289.59310913 -446.88018799 1202.34521484
0.56169939 0.81530392 0.14061756 0.24535106 -0.00183271 -0.96943271 -0.79012507 0.57902950 -0.20106520 289.59310913 -446.88018799 1202.34521484
0.56169903 0.81530440 0.14061755 0.24535109 -0.00183282 -0.96943283 -0.79012483 0.57902992 -0.20106503 289.59310913 -446.88018799 1202.34521484
0.56169897 0.81530434 0.14061749 0.24535097 -0.00183271 -0.96943253 -0.79012483 0.57902992 -0.20106512 289.59310913 -446.88018799 1202.34521484
0.56169885 0.81530416 0.14061746 0.24535097 -0.00183267 -0.96943271 -0.79012471 0.57902986 -0.20106508 289.59310913 -446.88018799 1202.34521484
0.56169903 0.81530464 0.14061753 0.24535128 -0.00183282 -0.96943295 -0.79012537 0.57903010 -0.20106509 289.59310913 -446.88018799 1202.34521484
0.56169933 0.81530392 0.14061753 0.24535106 -0.00183278 -0.96943253 -0.79012525 0.57902932 -0.20106518 289.59310913 -446.88018799 1202.34521484
0.56169891 0.81530428 0.14061752 0.24535105 -0.00183276 -0.96943295 -0.79012483 0.57902980 -0.20106514 289.59310913 -446.88018799 1202.34521484
0.56169903 0.81530452 0.14061743 0.24535111 -0.00183274 -0.96943253 -0.79012519 0.57903010 -0.20106514 289.59310913 -446.88018799 1202.34521484
0.56169868 0.81530410 0.14061736 0.24535099 -0.00183267 -0.96943265 -0.79012460 0.57902974 -0.20106508 289.59310913 -446.88018799 1202.34521484
0.56169891 0.81530440 0.14061740 0.24535114 -0.00183273 -0.96943253 -0.79012489 0.57902980 -0.20106518 289.59310913 -446.88018799 1202.34521484
0.56169909 0.81530452 0.14061759 0.24535117 -0.00183279 -0.96943265 -0.79012525 0.57902998 -0.20106515 289.59310913 -446.88018799 1202.34521484
0.56169903 0.81530434 0.14061734 0.24535102 -0.00183261 -0.96943253 -0.79012483 0.57902980 -0.20106527 289.59310913 -446.88018799 1202.34521484
0.56169885 0.81530446 0.14061762 0.24535087 -0.00183279 -0.96943265 -0.79012477 0.57902998 -0.20106514 289.59310913 -446.88018799 1202.34521484
0.56169939 0.81530440 0.14061755 0.24535112 -0.00183274 -0.96943265 -0.79012525 0.57902974 -0.20106508 289.59310913 -446.88018799 1202.34521484
0.56169903 0.81530434 0.14061759 0.24535102 -0.00183281 -0.96943283 -0.79012507 0.57902980 -0.20106511 289.59310913 -446.88018799 1202.34521484
0.56169897 0.81530434 0.14061750 0.24535117 -0.00183284 -0.96943283 -0.79012507 0.57902962 -0.20106502 289.59310913 -446.88018799 1202.34521484
0.56169885 0.81530440 0.14061740 0.24535114 -0.00183272 -0.96943265 -0.79012513 0.57902998 -0.20106515 289.59310913 -446.88018799 1202.34521484
0.56169891 0.81530446 0.14061753 0.24535111 -0.00183279 -0.96943259 -0.79012501 0.57902998 -0.20106514 289.59310913 -446.88018799 1202.34521484
0.56169885 0.81530416 0.14061753 0.24535100 -0.00183279 -0.96943259 -0.79012483 0.57902986 -0.20106509 289.59310913 -446.88018799 1202.34521484
0.56169909 0.81530422 0.14061750 0.24535090 -0.00183271 -0.96943253 -0.79012501 0.57902998 -0.20106520 289.59310913 -446.88018799 1202.34521484
0.56169903 0.81530452 0.14061756 0.24535087 -0.00183274 -0.96943253 -0.79012483 0.57902986 -0.20106523 289.59310913 -446.88018799 1202.34521484
0.56169921 0.81530452 0.14061759 0.24535103 -0.00183272 -0.96943277 -0.79012507 0.57902992 -0.20106523 289.59310913 -446.88018799 1202.34521484
0.56169897 0.81530422 0.14061753 0.24535087 -0.00183265 -0.96943241 -0.79012471 0.57902962 -0.20106518 289.59310913 -446.88018799 1202.34521484
0.56169862 0.81530458 0.14061749 0.24535042 -0.00183238 -0.96943223 -0.79012394 0.57902980 -0.20106536 289.59310913 -446.88018799 1202.34521484
0.56169909 0.81530398 0.14061773 0.24535106 -0.00183291 -0.96943235 -0.79012525 0.57902980 -0.20106491 289.59310913 -446.88018799 1202.34521484
0.56169885 0.81530446 0.14061753 0.24535105 -0.00183274 -0.96943259 -0.79012489 0.57903028 -0.20106509 289.59310913 -446.88018799 1202.34521484
0.56169879 0.81530410 0.14061759 0.24535067 -0.00183273 -0.96943241 -0.79012448 0.57902950 -0.20106512 289.59310913 -446.88018799 1202.34521484
0.56169868 0.81530458 0.14061747 0.24535109 -0.00183282 -0.96943271 -0.79012483 0.57903033 -0.20106500 289.59310913 -446.88018799 1202.34521484
0.56169879 0.81530440 0.14061743 0.24535111 -0.00183277 -0.96943253 -0.79012507 0.57903016 -0.20106497 289.59310913 -446.88018799 1202.34521484
0.56169885 0.81530464 0.14061765 0.24535100 -0.00183288 -0.96943289 -0.79012477 0.57903033 -0.20106505 289.59310913 -446.88018799 1202.34521484
0.56169873 0.81530428 0.14061740 0.24535102 -0.00183263 -0.96943277 -0.79012489 0.57903010 -0.20106515 289.59310913 -446.88018799 1202.34521484
0.56169897 0.81530428 0.14061759 0.24535091 -0.00183274 -0.96943271 -0.79012471 0.57902974 -0.20106505 289.59310913 -446.88018799 1202.34521484
0.56169897 0.81530404 0.14061762 0.24535108 -0.00183280 -0.96943277 -0.79012483 0.57902932 -0.20106502 289.59310913 -446.88018799 1202.34521484
0.56169897 0.81530440 0.14061747 0.24535099 -0.00183275 -0.96943265 -0.79012513 0.57902992 -0.20106524 289.59310913 -446.88018799 1202.34521484
0.56169933 0.81530434 0.14061750 0.24535112 -0.00183257 -0.96943259 -0.79012507 0.57902956 -0.20106532 289.59310913 -446.88018799 1202.34521484
0.56169868 0.81530404 0.14061740 0.24535105 -0.00183261 -0.96943259 -0.79012460 0.57902968 -0.20106512 289.59310913 -446.88018799 1202.34521484
0.56169903 0.81530404 0.14061734 0.24535114 -0.00183263 -0.96943241 -0.79012471 0.57902962 -0.20106508 289.59310913 -446.88018799 1202.34521484
0.56169885 0.81530416 0.14061725 0.24535117 -0.00183263 -0.96943241 -0.79012489 0.57902986 -0.20106523 289.59310913 -446.88018799 1202.34521484
0.56169903 0.81530428 0.14061750 0.24535078 -0.00183263 -0.96943247 -0.79012471 0.57902986 -0.20106523 289.59310913 -446.88018799 1202.34521484
0.56169891 0.81530434 0.14061745 0.24535099 -0.00183280 -0.96943253 -0.79012477 0.57902992 -0.20106509 289.59310913 -446.88018799 1202.34521484
0.56169891 0.81530416 0.14061740 0.24535115 -0.00183277 -0.96943253 -0.79012489 0.57902992 -0.20106506 289.59310913 -446.88018799 1202.34521484
0.56169897 0.81530428 0.14061753 0.24535085 -0.00183261 -0.96943247 -0.79012454 0.57902950 -0.20106521 289.59310913 -446.88018799 1202.34521484
0.56169873 0.81530428 0.14061755 0.24535070 -0.00183267 -0.96943229 -0.79012430 0.57902968 -0.20106521 289.59310913 -446.88018799 1202.34521484
0.56169873 0.81530410 0.14061749 0.24535120 -0.00183278 -0.96943277 -0.79012477 0.57902962 -0.20106506 289.59310913 -446.88018799 1202.34521484
0.56169891 0.81530434 0.14061740 0.24535102 -0.00183269 -0.96943259 -0.79012477 0.57902992 -0.20106511 289.59310913 -446.88018799 1202.34521484
0.56169862 0.81530422 0.14061746 0.24535094 -0.00183267 -0.96943259 -0.79012460 0.57902986 -0.20106511 289.59310913 -446.88018799 1202.34521484
0.56169873 0.81530446 0.14061765 0.24535075 -0.00183272 -0.96943259 -0.79012460 0.57902968 -0.20106508 289.59310913 -446.88018799 1202.34521484
0.56169873 0.81530476 0.14061749 0.24535096 -0.00183251 -0.96943277 -0.79012477 0.57903016 -0.20106518 289.59310913 -446.88018799 1202.34521484
0.56169909 0.81530440 0.14061756 0.24535099 -0.00183278 -0.96943259 -0.79012501 0.57902998 -0.20106512 289.59310913 -446.88018799 1202.34521484
0.56169885 0.81530422 0.14061753 0.24535100 -0.00183274 -0.96943271 -0.79012483 0.57902998 -0.20106506 289.59310913 -446.88018799 1202.34521484
0.56169891 0.81530422 0.14061747 0.24535081 -0.00183269 -0.96943259 -0.79012448 0.57902986 -0.20106517 289.59310913 -446.88018799 1202.34521484
0.56169873 0.81530470 0.14061743 0.24535088 -0.00183276 -0.96943271 -0.79012477 0.57903016 -0.20106526 289.59310913 -446.88018799 1202.34521484
0.56169903 0.81530440 0.14061755 0.24535093 -0.00183284 -0.96943265 -0.79012477 0.57902986 -0.20106518 289.59310913 -446.88018799 1202.34521484
0.56169891 0.81530416 0.14061742 0.24535069 -0.00183268 -0.96943235 -0.79012424 0.57902968 -0.20106526 289.59310913 -446.88018799 1202.34521484
0.56169927 0.81530434 0.14061750 0.24535105 -0.00183276 -0.96943277 -0.79012513 0.57902986 -0.20106521 289.59310913 -446.88018799 1202.34521484
0.56169915 0.81530452 0.14061745 0.24535085 -0.00183275 -0.96943223 -0.79012519 0.57903016 -0.20106517 289.59310913 -446.88018799 1202.34521484
0.56169897 0.81530410 0.14061740 0.24535103 -0.00183278 -0.96943247 -0.79012495 0.57902974 -0.20106520 289.59310913 -446.88018799 1202.34521484
0.56169909 0.81530434 0.14061756 0.24535123 -0.00183290 -0.96943289 -0.79012513 0.57902986 -0.20106503 289.59310913 -446.88018799 1202.34521484
0.56169891 0.81530440 0.14061749 0.24535088 -0.00183273 -0.96943259 -0.79012460 0.57902998 -0.20106515 289.59310913 -446.88018799 1202.34521484
0.56169885 0.81530404 0.14061755 0.24535091 -0.00183278 -0.96943277 -0.79012454 0.57902956 -0.20106506 289.59310913 -446.88018799 1202.34521484
0.56169909 0.81530440 0.14061753 0.24535111 -0.00183280 -0.96943271 -0.79012519 0.57903004 -0.20106520 289.59310913 -446.88018799 1202.34521484
0.56169873 0.81530428 0.14061758 0.24535100 -0.00183286 -0.96943277 -0.79012477 0.57902986 -0.20106506 289.59310913 -446.88018799 1202.34521484
0.56169879 0.81530368 0.14061719 0.24535082 -0.00183235 -0.96943218 -0.79012430 0.57902950 -0.20106533 289.59310913 -446.88018799 1202.34521484
0.56169873 0.81530476 0.14061782 0.24535078 -0.00183290 -0.96943271 -0.79012442 0.57902998 -0.20106515 289.59310913 -446.88018799 1202.34521484
0.56169915 0.81530404 0.14061743 0.24535100 -0.00183269 -0.96943235 -0.79012507 0.57902992 -0.20106523 289.59310913 -446.88018799 1202.34521484
0.56169873 0.81530452 0.14061755 0.24535087 -0.00183289 -0.96943277 -0.79012442 0.57902998 -0.20106520 289.59310913 -446.88018799 1202.34521484
0.56169868 0.81530452 0.14061733 0.24535105 -0.00183269 -0.96943283 -0.79012448 0.57903033 -0.20106517 289.59310913 -446.88018799 1202.34521484
0.56169903 0.81530416 0.14061747 0.24535094 -0.00183271 -0.96943247 -0.79012483 0.57902962 -0.20106524 289.59310913 -446.88018799 1202.34521484
0.56169915 0.81530410 0.14061758 0.24535109 -0.00183281 -0.96943265 -0.79012519 0.57902974 -0.20106514 289.59310913 -446.88018799 1202.34521484
0.56169873 0.81530422 0.14061759 0.24535105 -0.00183273 -0.96943271 -0.79012489 0.57903004 -0.20106509 289.59310913 -446.88018799 1202.34521484
0.56169921 0.81530428 0.14061742 0.24535103 -0.00183274 -0.96943247 -0.79012525 0.57902998 -0.20106523 289.59310913 -446.88018799 1202.34521484
0.56169903 0.81530434 0.14061746 0.24535094 -0.00183271 -0.96943265 -0.79012489 0.57902998 -0.20106517 289.59310913 -446.88018799 1202.34521484
0.56169891 0.81530422 0.14061749 0.24535097 -0.00183274 -0.96943265 -0.79012471 0.57902992 -0.20106506 289.59310913 -446.88018799 1202.34521484
0.56169897 0.81530476 0.14061739 0.24535085 -0.00183255 -0.96943277 -0.79012465 0.57903010 -0.20106541 289.59310913 -446.88018799 1202.34521484
0.56169897 0.81530434 0.14061759 0.24535099 -0.00183278 -0.96943253 -0.79012477 0.57902986 -0.20106514 289.59310913 -446.88018799 1202.34521484
0.56169891 0.81530440 0.14061747 0.24535102 -0.00183269 -0.96943259 -0.79012477 0.57902986 -0.20106508 289.59310913 -446.88018799 1202.34521484
0.56169903 0.81530434 0.14061747 0.24535103 -0.00183271 -0.96943241 -0.79012495 0.57902986 -0.20106514 289.59310913 -446.88018799 1202.34521484
0.56169873 0.81530446 0.14061737 0.24535099 -0.00183273 -0.96943247 -0.79012483 0.57903039 -0.20106506 289.59310913 -446.88018799 1202.34521484
0.56169885 0.81530434 0.14061743 0.24535091 -0.00183282 -0.96943259 -0.79012477 0.57902986 -0.20106509 289.59310913 -446.88018799 1202.34521484
0.56169903 0.81530428 0.14061749 0.24535097 -0.00183270 -0.96943259 -0.79012483 0.57902962 -0.20106509 289.59310913 -446.88018799 1202.34521484
0.56169862 0.81530446 0.14061753 0.24535112 -0.00183278 -0.96943277 -0.79012489 0.57903004 -0.20106496 289.59310913 -446.88018799 1202.34521484
0.56169885 0.81530452 0.14061762 0.24535099 -0.00183281 -0.96943277 -0.79012483 0.57903016 -0.20106512 289.59310913 -446.88018799 1202.34521484
0.56169897 0.81530434 0.14061759 0.24535100 -0.00183281 -0.96943283 -0.79012483 0.57902992 -0.20106515 289.59310913 -446.88018799 1202.34521484
0.56169885 0.81530374 0.14061710 0.24535096 -0.00183242 -0.96943235 -0.79012477 0.57902962 -0.20106539 289.59310913 -446.88018799 1202.34521484
0.56169897 0.81530452 0.14061759 0.24535096 -0.00183282 -0.96943265 -0.79012477 0.57903010 -0.20106514 289.59310913 -446.88018799 1202.34521484
0.56169873 0.81530422 0.14061756 0.24535102 -0.00183288 -0.96943265 -0.79012483 0.57902998 -0.20106508 289.59310913 -446.88018799 1202.34521484
0.56169873 0.81530446 0.14061756 0.24535094 -0.00183283 -0.96943265 -0.79012465 0.57902998 -0.20106509 289.59310913 -446.88018799 1202.34521484
0.56169939 0.81530392 0.14061756 0.24535106 -0.00183271 -0.96943271 -0.79012507 0.57902950 -0.20106520 289.59310913 -446.88018799 1202.34521484
0.56169903 0.81530440 0.14061755 0.24535109 -0.00183282 -0.96943283 -0.79012483 0.57902992 -0.20106503 289.59310913 -446.88018799 1202.34521484
0.56169897 0.81530434 0.14061749 0.24535097 -0.00183271 -0.96943253 -0.79012483 0.57902992 -0.20106512 289.59310913 -446.88018799 1202.34521484
0.56169885 0.81530416 0.14061746 0.24535097 -0.00183267 -0.96943271 -0.79012471 0.57902986 -0.20106508 289.59310913 -446.88018799 1202.34521484
0.56169903 0.81530464 0.14061753 0.24535128 -0.00183282 -0.96943295 -0.79012537 0.57903010 -0.20106509 289.59310913 -446.88018799 1202.34521484
0.56169933 0.81530392 0.14061753 0.24535106 -0.00183278 -0.96943253 -0.79012525 0.57902932 -0.20106518 289.59310913 -446.88018799 1202.34521484
0.56169891 0.81530428 0.14061752 0.24535105 -0.00183276 -0.96943295 -0.79012483 0.57902980 -0.20106514 289.59310913 -446.88018799 1202.34521484
0.56169903 0.81530452 0.14061743 0.24535111 -0.00183274 -0.96943253 -0.79012519 0.57903010 -0.20106514 289.59310913 -446.88018799 1202.34521484
0.56169868 0.81530410 0.14061736 0.24535099 -0.00183267 -0.96943265 -0.79012460 0.57902974 -0.20106508 289.59310913 -446.88018799 1202.34521484
0.56169891 0.81530440 0.14061740 0.24535114 -0.00183273 -0.96943253 -0.79012489 0.57902980 -0.20106518 289.59310913 -446.88018799 1202.34521484
0.56169909 0.81530452 0.14061759 0.24535117 -0.00183279 -0.96943265 -0.79012525 0.57902998 -0.20106515 289.59310913 -446.88018799 1202.34521484
0.56169903 0.81530434 0.14061734 0.24535102 -0.00183261 -0.96943253 -0.79012483 0.57902980 -0.20106527 289.59310913 -446.88018799 1202.34521484
0.56169885 0.81530446 0.14061762 0.24535087 -0.00183279 -0.96943265 -0.79012477 0.57902998 -0.20106514 289.59310913 -446.88018799 1202.34521484
0.56169939 0.81530440 0.14061755 0.24535112 -0.00183274 -0.96943265 -0.79012525 0.57902974 -0.20106508 289.59310913 -446.88018799 1202.34521484
0.56169903 0.81530434 0.14061759 0.24535102 -0.00183281 -0.96943283 -0.79012507 0.57902980 -0.20106511 289.59310913 -446.88018799 1202.34521484
0.56169897 0.81530434 0.14061750 0.24535117 -0.00183284 -0.96943283 -0.79012507 0.57902962 -0.20106502 289.59310913 -446.88018799 1202.34521484
0.56169885 0.81530440 0.14061740 0.24535114 -0.00183272 -0.96943265 -0.79012513 0.57902998 -0.20106515 289.59310913 -446.88018799 1202.34521484
0.56169891 0.81530446 0.14061753 0.24535111 -0.00183279 -0.96943259 -0.79012501 0.57902998 -0.20106514 289.59310913 -446.88018799 1202.34521484
0.56169885 0.81530416 0.14061753 0.24535100 -0.00183279 -0.96943259 -0.79012483 0.57902986 -0.20106509 289.59310913 -446.88018799 1202.34521484
0.56169909 0.81530422 0.14061750 0.24535090 -0.00183271 -0.96943253 -0.79012501 0.57902998 -0.20106520 289.59310913 -446.88018799 1202.34521484
0.56169903 0.81530452 0.14061756 0.24535087 -0.00183274 -0.96943253 -0.79012483 0.57902986 -0.20106523 289.59310913 -446.88018799 1202.34521484
0.56169921 0.81530452 0.14061759 0.24535103 -0.00183272 -0.96943277 -0.79012507 0.57902992 -0.20106523 289.59310913 -446.88018799 1202.34521484
0.56169897 0.81530422 0.14061753 0.24535087 -0.00183265 -0.96943241 -0.79012471 0.57902962 -0.20106518 289.59310913 -446.88018799 1202.34521484
0.56169862 0.81530458 0.14061749 0.24535042 -0.00183238 -0.96943223 -0.79012394 0.57902980 -0.20106536 289.59310913 -446.88018799 1202.34521484
0.56169909 0.81530398 0.14061773 0.24535106 -0.00183291 -0.96943235 -0.79012525 0.57902980 -0.20106491 289.59310913 -446.88018799 1202.34521484
0.56169885 0.81530446 0.14061753 0.24535105 -0.00183274 -0.96943259 -0.79012489 0.57903028 -0.20106509 289.59310913 -446.88018799 1202.34521484
0.56169879 0.81530410 0.14061759 0.24535067 -0.00183273 -0.96943241 -0.79012448 0.57902950 -0.20106512 289.59310913 -446.88018799 1202.34521484
0.56169868 0.81530458 0.14061747 0.24535109 -0.00183282 -0.96943271 -0.79012483 0.57903033 -0.20106500 289.59310913 -446.88018799 1202.34521484
0.56169879 0.81530440 0.14061743 0.24535111 -0.00183277 -0.96943253 -0.79012507 0.57903016 -0.20106497 289.59310913 -446.88018799 1202.34521484
0.56169885 0.81530464 0.14061765 0.24535100 -0.00183288 -0.96943289 -0.79012477 0.57903033 -0.20106505 289.59310913 -446.88018799 1202.34521484
0.56169873 0.81530428 0.14061740 0.24535102 -0.00183263 -0.96943277 -0.79012489 0.57903010 -0.20106515 289.59310913 -446.88018799 1202.34521484
0.56169897 0.81530428 0.14061759 0.24535091 -0.00183274 -0.96943271 -0.79012471 0.57902974 -0.20106505 289.59310913 -446.88018799 1202.34521484
0.56169897 0.81530404 0.14061762 0.24535108 -0.00183280 -0.96943277 -0.79012483 0.57902932 -0.20106502 289.59310913 -446.88018799 1202.34521484
0.56169897 0.81530440 0.14061747 0.24535099 -0.00183275 -0.96943265 -0.79012513 0.57902992 -0.20106524 289.59310913 -446.88018799 1202.34521484
0.56169933 0.81530434 0.14061750 0.24535112 -0.00183257 -0.96943259 -0.79012507 0.57902956 -0.20106532 289.59310913 -446.88018799 1202.34521484
0.56169868 0.81530404 0.14061740 0.24535105 -0.00183261 -0.96943259 -0.79012460 0.57902968 -0.20106512 289.59310913 -446.88018799 1202.34521484
0.56169903 0.81530404 0.14061734 0.24535114 -0.00183263 -0.96943241 -0.79012471 0.57902962 -0.20106508 289.59310913 -446.88018799 1202.34521484
0.56169885 0.81530416 0.14061725 0.24535117 -0.00183263 -0.96943241 -0.79012489 0.57902986 -0.20106523 289.59310913 -446.88018799 1202.34521484
0.56169903 0.81530428 0.14061750 0.24535078 -0.00183263 -0.96943247 -0.79012471 0.57902986 -0.20106523 289.59310913 -446.88018799 1202.34521484
