2.000000000000000000e+00 9.961193799972534180e-01 -4.445588588714599609e-02 7.596156001091003418e-02 4.554599896073341370e-02 9.988815188407897949e-01 -1.267751213163137436e-02 -7.531303912401199341e-02 1.608806289732456207e-02 9.970303773880004883e-01 1.945304311811923981e-02 4.180175717920064926e-03 5.524230003356933594e-01
2.000000000000000000e+00 9.691822528839111328e-01 -1.300586760044097900e-01 2.092148363590240479e-01 1.341071277856826782e-01 9.909526109695434570e-01 -5.220296327024698257e-03 -2.066431641578674316e-01 3.311663120985031128e-02 9.778560996055603027e-01 2.841683663427829742e-02 7.720579393208026886e-03 5.500826239585876465e-01
2.000000000000000000e+00 9.582167863845825195e-01 -1.679068058729171753e-01 2.315774410963058472e-01 1.717972457408905029e-01 9.851258993148803711e-01 3.413483500480651855e-03 -2.287062257528305054e-01 3.651350736618041992e-02 9.728108048439025879e-01 3.692308068275451660e-02 1.606209762394428253e-02 5.534051656723022461e-01
2.000000000000000000e+00 9.263864755630493164e-01 -1.797195672988891602e-01 3.309215307235717773e-01 1.969809532165527344e-01 9.802209138870239258e-01 -1.908453367650508881e-02 -3.209465742111206055e-01 8.286492526531219482e-02 9.434655904769897461e-01 4.437327757477760315e-02 1.818121410906314850e-02 5.479937791824340820e-01
2.000000000000000000e+00 8.344402909278869629e-01 -2.637459933757781982e-01 4.838879108428955078e-01 3.079542517662048340e-01 9.513180851936340332e-01 -1.252987608313560486e-02 -4.570269286632537842e-01 1.594708412885665894e-01 8.750404119491577148e-01 5.356254056096076965e-02 2.482787892222404480e-02 5.543858408927917480e-01
2.000000000000000000e+00 7.880485653877258301e-01 -3.414920568466186523e-01 5.122135281562805176e-01 3.978316485881805420e-01 9.174578189849853516e-01 -4.022298380732536316e-04 -4.697973430156707764e-01 2.040917873382568359e-01 8.588580489158630371e-01 7.052366435527801514e-02 2.664601430296897888e-02 5.566768050193786621e-01
2.000000000000000000e+00 6.566138267517089844e-01 -3.420554995536804199e-01 6.722027063369750977e-01 4.870418310165405273e-01 8.728056550025939941e-01 -3.161287680268287659e-02 -5.758894085884094238e-01 3.481484949588775635e-01 7.396920919418334961e-01 7.748200744390487671e-02 2.959498949348926544e-02 5.549467802047729492e-01
2.000000000000000000e+00 5.870556235313415527e-01 -3.536122143268585205e-01 7.282336950302124023e-01 5.105392336845397949e-01 8.598333597183227539e-01 5.950049031525850296e-03 -6.282640695571899414e-01 3.682989776134490967e-01 6.853032112121582031e-01 8.455873280763626099e-02 3.119659982621669769e-02 5.622581243515014648e-01
2.000000000000000000e+00 5.238534808158874512e-01 -3.552986383438110352e-01 7.741708755493164062e-01 5.543289184570312500e-01 8.322687745094299316e-01 6.868126802146434784e-03 -6.467589735984802246e-01 4.255475103855133057e-01 6.329396367073059082e-01 9.043327718973159790e-02 3.197951242327690125e-02 5.645818710327148438e-01
2.000000000000000000e+00 4.347533583641052246e-01 -3.243447244167327881e-01 8.401132225990295410e-01 6.065044999122619629e-01 7.950493693351745605e-01 -6.915102712810039520e-03 -6.656891703605651855e-01 5.125389099121093750e-01 5.423672199249267578e-01 1.004335954785346985e-01 3.173939883708953857e-02 5.727412700653076172e-01
2.000000000000000000e+00 3.545888364315032959e-01 -3.201071023941040039e-01 8.785207271575927734e-01 6.937427520751953125e-01 7.200055122375488281e-01 -1.765959337353706360e-02 -6.268871426582336426e-01 6.157296299934387207e-01 4.773782491683959961e-01 1.040510833263397217e-01 3.034445829689502716e-02 5.807088613510131836e-01
2.000000000000000000e+00 2.556885480880737305e-01 -2.864381372928619385e-01 9.233509898185729980e-01 7.638103365898132324e-01 6.453406214714050293e-01 -1.131428312510251999e-02 -5.926353931427001953e-01 7.081581950187683105e-01 3.837908804416656494e-01 1.069683954119682312e-01 2.757739089429378510e-02 5.841461420059204102e-01
2.000000000000000000e+00 1.874797195196151733e-01 -2.465818077325820923e-01 9.508149623870849609e-01 8.378223776817321777e-01 5.454251170158386230e-01 -2.375070005655288696e-02 -5.127420425415039062e-01 8.010671734809875488e-01 3.088481128215789795e-01 1.085565984249114990e-01 2.566216327250003815e-02 5.897987484931945801e-01
2.000000000000000000e+00 1.317745000123977661e-01 -1.814554780721664429e-01 9.745305180549621582e-01 8.723641037940979004e-01 4.881052374839782715e-01 -2.707532048225402832e-02 -4.707606434822082520e-01 8.537136912345886230e-01 2.226152271032333374e-01 1.107371598482131958e-01 2.113360911607742310e-02 6.052668094635009766e-01
2.000000000000000000e+00 7.624983787536621094e-02 -1.305337548255920410e-01 9.885075688362121582e-01 9.175058603286743164e-01 3.972993195056915283e-01 -1.830884814262390137e-02 -3.903436064720153809e-01 9.083579778671264648e-01 1.500596255064010620e-01 1.099650487303733826e-01 1.528158970177173615e-02 6.046649813652038574e-01
2.000000000000000000e+00 5.224157124757766724e-02 -9.673388302326202393e-02 9.939385652542114258e-01 9.417775273323059082e-01 3.358143568038940430e-01 -1.681698858737945557e-02 -3.321521580219268799e-01 9.369479417800903320e-01 1.086453869938850403e-01 1.089345663785934448e-01 8.312221616506576538e-03 6.122668385505676270e-01
2.000000000000000000e+00 2.420600131154060364e-02 -4.319360107183456421e-02 9.987736940383911133e-01 9.614856839179992676e-01 2.746154665946960449e-01 -1.142584998160600662e-02 -2.737852334976196289e-01 9.605835080146789551e-01 4.817746579647064209e-02 1.050490811467170715e-01 4.896851256489753723e-03 6.217809319496154785e-01
2.000000000000000000e+00 -7.666168734431266785e-03 -3.989845048636198044e-03 9.999628663063049316e-01 9.813178777694702148e-01 1.922121644020080566e-01 8.290411904454231262e-03 -1.922381073236465454e-01 9.813454151153564453e-01 2.441856777295470238e-03 1.022286117076873779e-01 -4.259438253939151764e-03 6.292533874511718750e-01
2.000000000000000000e+00 -1.334273256361484528e-02 4.368368908762931824e-02 9.989566206932067871e-01 9.984765052795410156e-01 5.406824126839637756e-02 1.097222231328487396e-02 -5.353247001767158508e-02 9.975812435150146484e-01 -4.433849081397056580e-02 9.846400469541549683e-02 -1.465629693120718002e-02 6.379476189613342285e-01
2.000000000000000000e+00 -3.122600913047790527e-02 1.193176433444023132e-01 9.923651218414306641e-01 9.986464381217956543e-01 -3.758498281240463257e-02 3.594297543168067932e-02 4.158671572804450989e-02 9.921444654464721680e-01 -1.179824247956275940e-01 8.712835609912872314e-02 -2.586172521114349365e-02 6.377571225166320801e-01
2.000000000000000000e+00 -8.115404285490512848e-03 2.352650463581085205e-01 9.718974828720092773e-01 9.795698523521423340e-01 -1.934340000152587891e-01 5.500387027859687805e-02 2.009386122226715088e-01 9.524882435798645020e-01 -2.288886308670043945e-01 8.096657693386077881e-02 -3.137901797890663147e-02 6.481600999832153320e-01
2.000000000000000000e+00 -1.794796623289585114e-02 3.126204907894134521e-01 9.497085809707641602e-01 9.526420235633850098e-01 -2.830419838428497314e-01 1.111740916967391968e-01 3.035628497600555420e-01 9.067280292510986328e-01 -2.927352786064147949e-01 7.458677887916564941e-02 -3.698275983333587646e-02 6.528229713439941406e-01
2.000000000000000000e+00 1.444967836141586304e-02 3.798616826534271240e-01 9.249304533004760742e-01 9.436489939689636230e-01 -3.110550045967102051e-01 1.130060479044914246e-01 3.306311666965484619e-01 8.711773157119750977e-01 -3.629506528377532959e-01 6.797928363084793091e-02 -4.969274625182151794e-02 6.741402745246887207e-01
2.000000000000000000e+00 4.470241069793701172e-02 4.910199046134948730e-01 8.700006008148193359e-01 9.289143085479736328e-01 -3.408698737621307373e-01 1.446544378995895386e-01 3.675855100154876709e-01 8.016903400421142578e-01 -4.713531732559204102e-01 5.978404730558395386e-02 -5.703964084386825562e-02 6.875387430191040039e-01
2.000000000000000000e+00 9.840296208858489990e-02 5.867785811424255371e-01 8.037460446357727051e-01 9.065718054771423340e-01 -3.859556317329406738e-01 1.707770675420761108e-01 4.104190468788146973e-01 7.118492722511291504e-01 -5.699361562728881836e-01 5.167671665549278259e-02 -7.009202986955642700e-02 7.037861943244934082e-01
2.000000000000000000e+00 1.835274100303649902e-01 6.423062682151794434e-01 7.441509366035461426e-01 8.489575386047363281e-01 -4.851956665515899658e-01 2.094163149595260620e-01 4.955686926841735840e-01 5.933197140693664551e-01 -6.343373060226440430e-01 3.290250897407531738e-02 -8.340814709663391113e-02 7.126658558845520020e-01
2.000000000000000000e+00 2.230396568775177002e-01 6.788237690925598145e-01 6.996082663536071777e-01 8.105734586715698242e-01 -5.278200507164001465e-01 2.537232637405395508e-01 5.415012240409851074e-01 5.104942917823791504e-01 -6.679612994194030762e-01 1.482314430177211761e-02 -9.808198362588882446e-02 7.300612926483154297e-01
2.000000000000000000e+00 3.093788325786590576e-01 7.337161302566528320e-01 6.049343347549438477e-01 7.984706163406372070e-01 -5.459258556365966797e-01 2.537877559661865234e-01 5.164582133293151855e-01 4.045065343379974365e-01 -7.547488212585449219e-01 5.785228218883275986e-03 -1.047843098640441895e-01 7.423172593116760254e-01
2.000000000000000000e+00 3.649145364761352539e-01 7.636465430259704590e-01 5.326178073883056641e-01 7.616928219795227051e-01 -5.738384723663330078e-01 3.008856773376464844e-01 5.354075431823730469e-01 2.958943545818328857e-01 -7.910661101341247559e-01 -3.249133238568902016e-03 -1.134854927659034729e-01 7.553509473800659180e-01
2.000000000000000000e+00 4.661531448364257812e-01 7.720762491226196289e-01 4.319719076156616211e-01 6.795447468757629395e-01 -6.251206994056701660e-01 3.839814960956573486e-01 5.664984583854675293e-01 1.145507022738456726e-01 -8.160622715950012207e-01 -1.309504173696041107e-02 -1.272929012775421143e-01 7.568177580833435059e-01
2.000000000000000000e+00 5.356008410453796387e-01 7.763550877571105957e-01 3.322720527648925781e-01 6.514210104942321777e-01 -6.302186250686645508e-01 4.224617779254913330e-01 5.373853445053100586e-01 -9.821264073252677917e-03 -8.432797193527221680e-01 -2.301022782921791077e-02 -1.427118778228759766e-01 7.675261497497558594e-01
2.000000000000000000e+00 6.219168901443481445e-01 7.397497892379760742e-01 2.568849027156829834e-01 5.918622016906738281e-01 -6.588384509086608887e-01 4.643596410751342773e-01 5.127567052841186523e-01 -1.367521286010742188e-01 -8.475728034973144531e-01 -3.157215937972068787e-02 -1.491754353046417236e-01 7.827687859535217285e-01
2.000000000000000000e+00 6.842955946922302246e-01 7.145292758941650391e-01 1.455592215061187744e-01 5.660685300827026367e-01 -6.463486552238464355e-01 5.116626620292663574e-01 4.596811532974243164e-01 -2.677316665649414062e-01 -8.467662334442138672e-01 -3.977539017796516418e-02 -1.638940125703811646e-01 7.961072325706481934e-01
0.000000000000000000e+00 7.447617650032043457e-01 6.575161218643188477e-01 1.140272766351699829e-01 5.615697503089904785e-01 -7.098217606544494629e-01 4.251954555511474609e-01 3.605131208896636963e-01 -2.526348233222961426e-01 -8.978897333145141602e-01 -4.863587021827697754e-02 -1.780136376619338989e-01 8.036268949508666992e-01
2.000000000000000000e+00 7.899426221847534180e-01 6.131636500358581543e-01 -4.528331570327281952e-03 5.034957528114318848e-01 -6.444068551063537598e-01 5.755271911621093750e-01 3.499750792980194092e-01 -4.569139480590820312e-01 -8.177693486213684082e-01 -5.660831183195114136e-02 -1.832458972930908203e-01 8.186318874359130859e-01
2.000000000000000000e+00 8.211578130722045898e-01 5.647504329681396484e-01 -8.219591528177261353e-02 4.790336489677429199e-01 -6.037907600402832031e-01 6.371523737907409668e-01 3.102038502693176270e-01 -5.625777840614318848e-01 -7.663416266441345215e-01 -7.080964744091033936e-02 -1.955950260162353516e-01 8.317784667015075684e-01
2.000000000000000000e+00 8.455664515495300293e-01 5.007073879241943359e-01 -1.852263212203979492e-01 4.725522696971893311e-01 -5.405178666114807129e-01 6.960852146148681641e-01 2.484177350997924805e-01 -6.761159300804138184e-01 -6.936537623405456543e-01 -8.384932577610015869e-02 -2.066198885440826416e-01 8.366421461105346680e-01
2.000000000000000000e+00 8.622664809226989746e-01 4.304359853267669678e-01 -2.668714225292205811e-01 4.836768805980682373e-01 -5.436350703239440918e-01 6.859425306320190430e-01 1.501745581626892090e-01 -7.205456495285034180e-01 -6.769500374794006348e-01 -9.590800106525421143e-02 -2.185265272855758667e-01 8.521200418472290039e-01
2.000000000000000000e+00 8.694686889648437500e-01 3.850644230842590332e-01 -3.094327747821807861e-01 4.839318692684173584e-01 -5.382149219512939453e-01 6.900247335433959961e-01 9.916338324546813965e-02 -7.497001886367797852e-01 -6.543058156967163086e-01 -1.050852239131927490e-01 -2.231964021921157837e-01 8.683203458786010742e-01
2.000000000000000000e+00 8.672502636909484863e-01 2.826064527034759521e-01 -4.098899662494659424e-01 4.976707398891448975e-01 -5.154671669006347656e-01 6.975793242454528809e-01 -1.414380967617034912e-02 -8.089669346809387207e-01 -5.876836776733398438e-01 -1.134596019983291626e-01 -2.294659018516540527e-01 8.911850452423095703e-01
2.000000000000000000e+00 8.792038559913635254e-01 1.953971236944198608e-01 -4.345339834690093994e-01 4.706364870071411133e-01 -4.981575906276702881e-01 7.282442450523376465e-01 -7.416906207799911499e-02 -8.447834849357604980e-01 -5.299428105354309082e-01 -1.157476454973220825e-01 -2.360423207283020020e-01 9.022075533866882324e-01
2.000000000000000000e+00 8.457277417182922363e-01 1.358317285776138306e-01 -5.160365104675292969e-01 5.151345133781433105e-01 -4.601190090179443359e-01 7.231364250183105469e-01 -1.392128169536590576e-01 -8.774055242538452148e-01 -4.591067433357238770e-01 -1.171628981828689575e-01 -2.399645745754241943e-01 9.065175652503967285e-01
2.000000000000000000e+00 8.303496241569519043e-01 9.000308066606521606e-02 -5.499255657196044922e-01 5.308980345726013184e-01 -4.276207089424133301e-01 7.316333055496215820e-01 -1.693098247051239014e-01 -8.994666337966918945e-01 -4.028568565845489502e-01 -1.185281053185462952e-01 -2.435940802097320557e-01 9.205459356307983398e-01
0.000000000000000000e+00 7.962062954902648926e-01 1.472493261098861694e-01 -5.868325233459472656e-01 6.044071912765502930e-01 -2.373897433280944824e-01 7.604850530624389648e-01 -2.732653915882110596e-02 -9.601894617080688477e-01 -2.780094742774963379e-01 -1.200751662254333496e-01 -2.518591582775115967e-01 9.360965490341186523e-01
0.000000000000000000e+00 7.460043430328369141e-01 1.000687256455421448e-01 -6.583794355392456055e-01 6.626765727996826172e-01 -2.093152999877929688e-01 7.190597653388977051e-01 -6.585320830345153809e-02 -9.727147817611694336e-01 -2.224634438753128052e-01 -1.188911646604537964e-01 -2.568996250629425049e-01 9.412515163421630859e-01
0.000000000000000000e+00 7.122147679328918457e-01 8.148492127656936646e-02 -6.972159147262573242e-01 6.967699527740478516e-01 -2.026392072439193726e-01 6.880756020545959473e-01 -8.521598577499389648e-02 -9.758571982383728027e-01 -2.010990679264068604e-01 -1.159208789467811584e-01 -2.569827735424041748e-01 9.443874359130859375e-01
2.000000000000000000e+00 6.262254118919372559e-01 -7.800684124231338501e-02 -7.757291793823242188e-01 6.951814293861389160e-01 -3.945495188236236572e-01 6.008773446083068848e-01 -3.529360890388488770e-01 -9.155579209327697754e-01 -1.928475499153137207e-01 -1.083939522504806519e-01 -2.544496357440948486e-01 9.526284337043762207e-01
2.000000000000000000e+00 5.666537880897521973e-01 -1.515096127986907959e-01 -8.099059462547302246e-01 7.045139074325561523e-01 -4.206296801567077637e-01 5.716037154197692871e-01 -4.272738993167877197e-01 -8.944919705390930176e-01 -1.316102892160415649e-01 -9.890919178724288940e-02 -2.561065554618835449e-01 9.720233678817749023e-01
2.000000000000000000e+00 5.108596086502075195e-01 -2.103190124034881592e-01 -8.335392475128173828e-01 6.803413033485412598e-01 -4.938046038150787354e-01 5.415650010108947754e-01 -5.255069136619567871e-01 -8.437554836273193359e-01 -1.091756299138069153e-01 -9.405147284269332886e-02 -2.553574144840240479e-01 9.759582877159118652e-01
2.000000000000000000e+00 4.622772336006164551e-01 -2.305437773466110229e-01 -8.562409281730651855e-01 7.004384398460388184e-01 -4.972005486488342285e-01 5.120326876640319824e-01 -5.437694787979125977e-01 -8.364458084106445312e-01 -6.836228072643280029e-02 -8.165829628705978394e-02 -2.532041966915130615e-01 9.851600527763366699e-01
2.000000000000000000e+00 4.122849404811859131e-01 -2.630541324615478516e-01 -8.722516298294067383e-01 6.952121853828430176e-01 -5.279328227043151855e-01 4.878185093402862549e-01 -5.888131260871887207e-01 -8.075207471847534180e-01 -3.477983921766281128e-02 -7.527030259370803833e-02 -2.497944533824920654e-01 9.919033050537109375e-01
2.000000000000000000e+00 3.322127163410186768e-01 -2.872101068496704102e-01 -8.984121680259704590e-01 6.906553506851196289e-01 -5.746266245841979980e-01 4.390893876552581787e-01 -6.423625349998474121e-01 -7.663647532463073730e-01 7.465383503586053848e-03 -5.970654264092445374e-02 -2.440650910139083862e-01 1.000954747200012207e+00
2.000000000000000000e+00 2.602389752864837646e-01 -2.568184137344360352e-01 -9.307626485824584961e-01 7.272050380706787109e-01 -5.820125341415405273e-01 3.639152646064758301e-01 -6.351757049560546875e-01 -7.715608477592468262e-01 3.529769927263259888e-02 -5.014851689338684082e-02 -2.374585568904876709e-01 1.005970716476440430e+00
2.000000000000000000e+00 2.320622801780700684e-01 -1.974848210811614990e-01 -9.524420499801635742e-01 7.514104843139648438e-01 -5.853943824768066406e-01 3.044600784778594971e-01 -6.176805496215820312e-01 -7.863291501998901367e-01 1.254457514733076096e-02 -4.163109138607978821e-02 -2.313943654298782349e-01 1.019382476806640625e+00
2.000000000000000000e+00 1.795439124107360840e-01 -2.008672058582305908e-01 -9.630241394042968750e-01 7.348421216011047363e-01 -6.234546303749084473e-01 2.670421898365020752e-01 -6.540418267250061035e-01 -7.556170821189880371e-01 3.566855192184448242e-02 -3.285025432705879211e-02 -2.246228903532028198e-01 1.030949234962463379e+00
2.000000000000000000e+00 1.598725020885467529e-01 -1.415888518095016479e-01 -9.769300818443298340e-01 7.000220417976379395e-01 -6.815125942230224609e-01 2.133304327726364136e-01 -6.959952116012573242e-01 -7.179790139198303223e-01 -9.839482605457305908e-03 -2.258041873574256897e-02 -2.154193669557571411e-01 1.033116221427917480e+00
2.000000000000000000e+00 9.194386005401611328e-02 -1.299354434013366699e-01 -9.872497320175170898e-01 7.356812953948974609e-01 -6.592869758605957031e-01 1.552861630916595459e-01 -6.710579395294189453e-01 -7.405796647071838379e-01 3.497399017214775085e-02 -1.200348697602748871e-02 -2.039025276899337769e-01 1.035721063613891602e+00
2.000000000000000000e+00 7.532951980829238892e-02 -5.980633199214935303e-02 -9.953629374504089355e-01 7.459158897399902344e-01 -6.590779423713684082e-01 9.605199098587036133e-02 -6.617661118507385254e-01 -7.496936321258544922e-01 -5.037302151322364807e-03 7.697296328842639923e-03 -1.918217092752456665e-01 1.036852955818176270e+00
2.000000000000000000e+00 -2.118074335157871246e-03 7.483378052711486816e-03 -9.999691843986511230e-01 6.652730107307434082e-01 -7.465676665306091309e-01 -6.996097508817911148e-03 -7.465967535972595215e-01 -6.652683019638061523e-01 -3.397058695554733276e-03 1.701076887547969818e-02 -1.798931360244750977e-01 1.040187716484069824e+00
2.000000000000000000e+00 -1.650096103549003601e-02 8.031869679689407349e-02 -9.966320395469665527e-01 6.316868066787719727e-01 -7.718114852905273438e-01 -7.265899330377578735e-02 -7.750477790832519531e-01 -6.307592391967773438e-01 -3.800056874752044678e-02 2.667670510709285736e-02 -1.660005450248718262e-01 1.036088228225708008e+00
2.000000000000000000e+00 -2.338739670813083649e-02 1.416254937648773193e-01 -9.896435141563415527e-01 6.240496635437011719e-01 -7.713013887405395508e-01 -1.251266896724700928e-01 -7.810345292091369629e-01 -6.205137968063354492e-01 -7.034261524677276611e-02 4.481618106365203857e-02 -1.515122801065444946e-01 1.031855344772338867e+00
2.000000000000000000e+00 2.388863451778888702e-02 2.207379937171936035e-01 -9.750400781631469727e-01 5.993804335594177246e-01 -7.837457656860351562e-01 -1.627461612224578857e-01 -8.001075387001037598e-01 -5.805328488349914551e-01 -1.510287374258041382e-01 5.326566472649574280e-02 -1.361281126737594604e-01 1.029429316520690918e+00
2.000000000000000000e+00 -1.229013130068778992e-02 2.843433320522308350e-01 -9.586433172225952148e-01 5.938841104507446289e-01 -7.692285776138305664e-01 -2.357748001813888550e-01 -8.044565320014953613e-01 -5.722213983535766602e-01 -1.594132333993911743e-01 7.051952183246612549e-02 -1.229494363069534302e-01 1.035519838333129883e+00
2.000000000000000000e+00 2.337793260812759399e-02 3.122450113296508789e-01 -9.497134089469909668e-01 5.870806574821472168e-01 -7.732082605361938477e-01 -2.397624999284744263e-01 -8.091907501220703125e-01 -5.519538521766662598e-01 -2.013891637325286865e-01 7.764778286218643188e-02 -1.155551299452781677e-01 1.032134413719177246e+00
2.000000000000000000e+00 6.522443890571594238e-02 3.198995888233184814e-01 -9.452030658721923828e-01 5.699076056480407715e-01 -7.894819378852844238e-01 -2.278694808483123779e-01 -8.191161751747131348e-01 -5.238164663314819336e-01 -2.338068038225173950e-01 9.036961197853088379e-02 -1.064689606428146362e-01 1.014512658119201660e+00
2.000000000000000000e+00 9.644669294357299805e-02 3.738437294960021973e-01 -9.224628210067749023e-01 5.581131577491760254e-01 -7.876905798912048340e-01 -2.608722448348999023e-01 -8.241406083106994629e-01 -4.896790385246276855e-01 -2.846173644065856934e-01 1.031245514750480652e-01 -9.868229180574417114e-02 1.021335840225219727e+00
2.000000000000000000e+00 1.600291281938552856e-01 3.857693374156951904e-01 -9.086096882820129395e-01 5.217280983924865723e-01 -8.144528865814208984e-01 -2.539035677909851074e-01 -8.379679322242736816e-01 -4.334160387516021729e-01 -3.316031098365783691e-01 1.118600741028785706e-01 -8.322896063327789307e-02 1.016793370246887207e+00
2.000000000000000000e+00 2.251680493354797363e-01 3.902597427368164062e-01 -8.927460908889770508e-01 4.408552646636962891e-01 -8.579238057136535645e-01 -2.638450264930725098e-01 -8.688762187957763672e-01 -3.341630995273590088e-01 -3.652252852916717529e-01 1.159145832061767578e-01 -6.728927046060562134e-02 1.013699173927307129e+00
2.000000000000000000e+00 3.161346912384033203e-01 4.080485999584197998e-01 -8.564776778221130371e-01 4.257108569145202637e-01 -8.678001165390014648e-01 -2.563086748123168945e-01 -8.478379845619201660e-01 -2.835844755172729492e-01 -4.480527043342590332e-01 1.199065819382667542e-01 -5.278035253286361694e-02 1.019292354583740234e+00
2.000000000000000000e+00 3.913538455963134766e-01 3.872060775756835938e-01 -8.348128795623779297e-01 3.845128417015075684e-01 -8.929875493049621582e-01 -2.339321225881576538e-01 -8.360575437545776367e-01 -2.294467091560363770e-01 -4.983600676059722900e-01 1.248359829187393188e-01 -4.585047438740730286e-02 1.018729686737060547e+00
2.000000000000000000e+00 4.848502278327941895e-01 3.432143926620483398e-01 -8.044396042823791504e-01 3.426445722579956055e-01 -9.207999706268310547e-01 -1.863414049148559570e-01 -8.046832084655761719e-01 -1.852898895740509033e-01 -5.640509128570556641e-01 1.265589892864227295e-01 -3.175016120076179504e-02 1.012806177139282227e+00
2.000000000000000000e+00 5.171536207199096680e-01 3.352820277214050293e-01 -7.874879240989685059e-01 3.061047792434692383e-01 -9.316770434379577637e-01 -1.956491768360137939e-01 -7.992822527885437012e-01 -1.398738324642181396e-01 -5.844519138336181641e-01 1.274615973234176636e-01 -1.626225933432579041e-02 1.013571023941040039e+00
2.000000000000000000e+00 5.715014934539794922e-01 2.891582548618316650e-01 -7.679665684700012207e-01 2.591880559921264648e-01 -9.515587091445922852e-01 -1.654038578271865845e-01 -7.785931825637817383e-01 -1.045198962092399597e-01 -6.187640428543090820e-01 1.247312501072883606e-01 -2.284771064296364784e-03 1.010842800140380859e+00
2.000000000000000000e+00 5.995760560035705566e-01 2.444498986005783081e-01 -7.620707154273986816e-01 2.255202084779739380e-01 -9.652299284934997559e-01 -1.321842968463897705e-01 -7.678859829902648926e-01 -9.260846674442291260e-02 -6.338576078414916992e-01 1.195739954710006714e-01 3.814783412963151932e-03 9.984358549118041992e-01
2.000000000000000000e+00 6.656840443611145020e-01 1.643736511468887329e-01 -7.279046177864074707e-01 1.594620794057846069e-01 -9.842416644096374512e-01 -7.642755657434463501e-02 -7.289967536926269531e-01 -6.519723683595657349e-02 -6.814056634902954102e-01 1.149613708257675171e-01 9.468426927924156189e-03 9.886851906776428223e-01
2.000000000000000000e+00 7.092551589012145996e-01 1.184637323021888733e-01 -6.949263215065002441e-01 1.265143305063247681e-01 -9.911649227142333984e-01 -3.984033688902854919e-02 -6.935063004493713379e-01 -5.966183543205261230e-02 -7.179766297340393066e-01 1.069937422871589661e-01 2.084954641759395599e-02 9.794401526451110840e-01
2.000000000000000000e+00 7.445994019508361816e-01 8.676175028085708618e-02 -6.618482470512390137e-01 8.415775746107101440e-02 -9.958074092864990234e-01 -3.586035966873168945e-02 -6.621847748756408691e-01 -2.899872139096260071e-02 -7.487798333168029785e-01 9.531342238187789917e-02 2.576688490808010101e-02 9.653617739677429199e-01
2.000000000000000000e+00 8.166105747222900391e-01 -1.571763120591640472e-02 -5.769740939140319824e-01 1.763263344764709473e-02 -9.984834790229797363e-01 5.215634033083915710e-02 -5.769189000129699707e-01 -5.276570841670036316e-02 -8.150957822799682617e-01 8.853797614574432373e-02 3.057351894676685333e-02 9.583107829093933105e-01
2.000000000000000000e+00 8.056898117065429688e-01 -6.419091671705245972e-02 -5.888482928276062012e-01 -1.944258064031600952e-02 -9.964411854743957520e-01 8.202087879180908203e-02 -5.920177102088928223e-01 -5.463540554046630859e-02 -8.040713071823120117e-01 7.465152442455291748e-02 3.869272768497467041e-02 9.492500424385070801e-01
2.000000000000000000e+00 8.152235746383666992e-01 -1.197989955544471741e-01 -5.666193366050720215e-01 -2.949382178485393524e-02 -9.856902360916137695e-01 1.659680902957916260e-01 -5.783938169479370117e-01 -1.185901314020156860e-01 -8.070920109748840332e-01 6.689149141311645508e-02 4.504923522472381592e-02 9.434484243392944336e-01
2.000000000000000000e+00 8.344637155532836914e-01 -1.826263219118118286e-01 -5.199199318885803223e-01 -5.575320869684219360e-02 -9.666260480880737305e-01 2.500527501106262207e-01 -5.482342839241027832e-01 -1.796735525131225586e-01 -8.167969584465026855e-01 5.121336877346038818e-02 4.737649112939834595e-02 9.357445836067199707e-01
2.000000000000000000e+00 8.223189711570739746e-01 -2.452040612697601318e-01 -5.134833455085754395e-01 -6.359691917896270752e-02 -9.363412261009216309e-01 3.452844917774200439e-01 -5.654606819152832031e-01 -2.512788772583007812e-01 -7.855659127235412598e-01 3.270399197936058044e-02 5.143801122903823853e-02 9.231138825416564941e-01
2.000000000000000000e+00 8.259229063987731934e-01 -3.372322916984558105e-01 -4.518013000488281250e-01 -1.615060120820999146e-01 -9.093159437179565430e-01 3.834855258464813232e-01 -5.401536822319030762e-01 -2.437617480754852295e-01 -8.054905533790588379e-01 1.436442881822586060e-02 5.475889891386032104e-02 9.165203571319580078e-01
2.000000000000000000e+00 7.843142151832580566e-01 -4.555375874042510986e-01 -4.211120605468750000e-01 -2.297408282756805420e-01 -8.438372015953063965e-01 4.849318265914916992e-01 -5.762546062469482422e-01 -2.835932374000549316e-01 -7.664896249771118164e-01 5.634770728647708893e-03 5.537666007876396179e-02 9.022551178932189941e-01
2.000000000000000000e+00 7.321317195892333984e-01 -5.638870596885681152e-01 -3.821166455745697021e-01 -3.277506530284881592e-01 -7.833948135375976562e-01 5.280840992927551270e-01 -5.971282720565795898e-01 -2.613890469074249268e-01 -7.583629488945007324e-01 -1.377469953149557114e-02 5.583572760224342346e-02 8.957585692405700684e-01
2.000000000000000000e+00 6.398960947990417480e-01 -6.728466749191284180e-01 -3.712265491485595703e-01 -3.760282397270202637e-01 -6.954521536827087402e-01 6.123315691947937012e-01 -6.701759099960327148e-01 -2.522377073764801025e-01 -6.980265378952026367e-01 -3.376358002424240112e-02 5.478791147470474243e-02 8.893623948097229004e-01
2.000000000000000000e+00 5.854013562202453613e-01 -7.377734780311584473e-01 -3.361462652683258057e-01 -3.792178034782409668e-01 -6.156360507011413574e-01 6.907871365547180176e-01 -7.165887355804443359e-01 -2.769159078598022461e-01 -6.401710510253906250e-01 -5.388769134879112244e-02 5.429585650563240051e-02 8.844488263130187988e-01
2.000000000000000000e+00 4.733072221279144287e-01 -8.192549943923950195e-01 -3.237282037734985352e-01 -3.727164268493652344e-01 -5.192301869392395020e-01 7.690793871879577637e-01 -7.981623411178588867e-01 -2.433528900146484375e-01 -5.511051416397094727e-01 -7.352778315544128418e-02 5.048511549830436707e-02 8.871730566024780273e-01
2.000000000000000000e+00 3.984259068965911865e-01 -8.718628883361816406e-01 -2.847986817359924316e-01 -3.801436722278594971e-01 -4.395535886287689209e-01 8.138083219528198242e-01 -8.347142338752746582e-01 -2.159787416458129883e-01 -5.065626502037048340e-01 -8.054461330175399780e-02 4.497910290956497192e-02 8.690741062164306641e-01
2.000000000000000000e+00 3.483976423740386963e-01 -9.036193490028381348e-01 -2.491778731346130371e-01 -3.337451517581939697e-01 -3.679969012737274170e-01 8.678668141365051270e-01 -8.759186267852783203e-01 -2.192016839981079102e-01 -4.297876954078674316e-01 -9.100346267223358154e-02 4.004939645528793335e-02 8.663826584815979004e-01
2.000000000000000000e+00 2.439687252044677734e-01 -9.431475400924682617e-01 -2.257220894098281860e-01 -2.999352216720581055e-01 -2.947260737419128418e-01 9.072904586791992188e-01 -9.222355484962463379e-01 -1.536491960287094116e-01 -3.547868728637695312e-01 -1.083687394857406616e-01 3.514531254768371582e-02 8.390945196151733398e-01
2.000000000000000000e+00 1.114140003919601440e-01 -9.726850986480712891e-01 -2.036401033401489258e-01 -2.851460874080657959e-01 -2.275893539190292358e-01 9.310722351074218750e-01 -9.519868493080139160e-01 -4.566792026162147522e-02 -3.027136027812957764e-01 -1.226642504334449768e-01 3.152320161461830139e-02 8.181509375572204590e-01
2.000000000000000000e+00 -3.952718898653984070e-02 -9.820775389671325684e-01 -1.842824220657348633e-01 -2.098230272531509399e-01 -1.721568852663040161e-01 9.624639749526977539e-01 -9.769401550292968750e-01 7.670965790748596191e-02 -1.992571502923965454e-01 -1.368016600608825684e-01 2.628729492425918579e-02 8.070750236511230469e-01
2.000000000000000000e+00 -7.305380702018737793e-02 -9.827050566673278809e-01 -1.701547205448150635e-01 -1.454872190952301025e-01 -1.582849919795989990e-01 9.766165614128112793e-01 -9.866593480110168457e-01 9.610038995742797852e-02 -1.314072012901306152e-01 -1.486528515815734863e-01 2.101614698767662048e-02 7.886146306991577148e-01
2.000000000000000000e+00 -2.100679129362106323e-01 -9.662464857101440430e-01 -1.491228789091110229e-01 -2.217293530702590942e-02 -1.477787345647811890e-01 9.887721538543701172e-01 -9.774352312088012695e-01 2.110153287649154663e-01 9.619577787816524506e-03 -1.530734449625015259e-01 1.485428772866725922e-02 7.744601368904113770e-01
2.000000000000000000e+00 -2.792842984199523926e-01 -9.505302906036376953e-01 -1.359810233116149902e-01 8.311109989881515503e-02 -1.650146543979644775e-01 9.827834963798522949e-01 -9.566048383712768555e-01 2.631739675998687744e-01 1.250861585140228271e-01 -1.622426658868789673e-01 8.232822641730308533e-03 7.712351083755493164e-01
2.000000000000000000e+00 -3.541154265403747559e-01 -9.277954101562500000e-01 -1.174585148692131042e-01 1.391475498676300049e-01 -1.764702647924423218e-01 9.744212627410888672e-01 -9.247920513153076172e-01 3.287131786346435547e-01 1.915918737649917603e-01 -1.649199873208999634e-01 1.380573608912527561e-03 7.556879520416259766e-01
2.000000000000000000e+00 -4.736710488796234131e-01 -8.750804662704467773e-01 -9.934001415967941284e-02 1.985125690698623657e-01 -2.159791588783264160e-01 9.560053944587707520e-01 -8.580377697944641113e-01 4.331114590167999268e-01 2.760181725025177002e-01 -1.700605303049087524e-01 -1.305165700614452362e-02 7.412397861480712891e-01
2.000000000000000000e+00 -5.213288068771362305e-01 -8.479330539703369141e-01 -9.604277461767196655e-02 2.853173911571502686e-01 -2.792677581310272217e-01 9.168446063995361328e-01 -8.042452335357666016e-01 4.505744278430938721e-01 3.875210583209991455e-01 -1.727802008390426636e-01 -2.644685283303260803e-02 7.339818477630615234e-01
2.000000000000000000e+00 -6.291519403457641602e-01 -7.729350924491882324e-01 -8.208306133747100830e-02 2.965695559978485107e-01 -3.363225162029266357e-01 8.938311338424682617e-01 -7.184807062149047852e-01 5.380118489265441895e-01 4.408276081085205078e-01 -1.735524237155914307e-01 -3.482071310281753540e-02 7.318393588066101074e-01
2.000000000000000000e+00 -6.828748583793640137e-01 -7.274478077888488770e-01 -6.708057969808578491e-02 3.151278495788574219e-01 -3.761660456657409668e-01 8.713174462318420410e-01 -6.590722799301147461e-01 5.738615393638610840e-01 4.861142337322235107e-01 -1.717464327812194824e-01 -4.216399043798446655e-02 7.249574065208435059e-01
2.000000000000000000e+00 -7.748733758926391602e-01 -6.299062967300415039e-01 -5.279682949185371399e-02 3.295426964759826660e-01 -4.738310873508453369e-01 8.166310191154479980e-01 -5.394186377525329590e-01 6.153866052627563477e-01 5.747409462928771973e-01 -1.702580004930496216e-01 -4.938085749745368958e-02 7.185769081115722656e-01
2.000000000000000000e+00 -8.543334007263183594e-01 -5.172883868217468262e-01 -5.025412887334823608e-02 2.937589287757873535e-01 -5.603910088539123535e-01 7.743823528289794922e-01 -4.287417829036712646e-01 6.468179821968078613e-01 6.307198405265808105e-01 -1.652495414018630981e-01 -6.555191427469253540e-02 7.113358378410339355e-01
2.000000000000000000e+00 -9.219533801078796387e-01 -3.861855864524841309e-01 -2.934289351105690002e-02 2.488457709550857544e-01 -6.487222313880920410e-01 7.191909551620483398e-01 -2.967773675918579102e-01 6.557587981224060059e-01 6.941932439804077148e-01 -1.624138802289962769e-01 -7.445815205574035645e-02 6.997090578079223633e-01
2.000000000000000000e+00 -9.671674966812133789e-01 -2.534690499305725098e-01 -1.840705052018165588e-02 1.819401234388351440e-01 -7.411601543426513672e-01 6.462042331695556641e-01 -1.774360388517379761e-01 6.216388344764709473e-01 7.629432678222656250e-01 -1.582459509372711182e-01 -9.033600240945816040e-02 6.937319040298461914e-01
2.000000000000000000e+00 -9.820986986160278320e-01 -1.879627257585525513e-01 -1.225969940423965454e-02 1.527878493070602417e-01 -8.329945802688598633e-01 5.317670702934265137e-01 -1.101652607321739197e-01 5.203746557235717773e-01 8.468026518821716309e-01 -1.459086388349533081e-01 -9.883835166692733765e-02 6.846171617507934570e-01
2.000000000000000000e+00 -9.920205473899841309e-01 -1.255051940679550171e-01 1.192091964185237885e-02 1.181162372231483459e-01 -8.922124505043029785e-01 4.358965158462524414e-01 -4.407184571027755737e-02 4.338261187076568604e-01 8.999184966087341309e-01 -1.325244456529617310e-01 -1.142464950680732727e-01 6.808224320411682129e-01
2.000000000000000000e+00 -9.999414682388305664e-01 9.880663827061653137e-03 4.243746399879455566e-03 -7.951017469167709351e-03 -9.450483322143554688e-01 3.268341422080993652e-01 7.239282596856355667e-03 3.267809748649597168e-01 9.450727105140686035e-01 -1.173254474997520447e-01 -1.209622398018836975e-01 6.687924861907958984e-01
2.000000000000000000e+00 -9.888642430305480957e-01 1.488127112388610840e-01 -1.064551062881946564e-03 -1.467052400112152100e-01 -9.736102223396301270e-01 1.748157143592834473e-01 2.497768029570579529e-02 1.730248481035232544e-01 9.846010208129882812e-01 -1.091781556606292725e-01 -1.283866614103317261e-01 6.654543876647949219e-01
2.000000000000000000e+00 -9.763610959053039551e-01 2.154597938060760498e-01 1.717371866106987000e-02 -2.108720093965530396e-01 -9.669796228408813477e-01 1.431191265583038330e-01 4.744237661361694336e-02 1.361141800880432129e-01 9.895568490028381348e-01 -9.084472805261611938e-02 -1.352013647556304932e-01 6.512792110443115234e-01
2.000000000000000000e+00 -9.585011601448059082e-01 2.844953536987304688e-01 1.835281401872634888e-02 -2.826372683048248291e-01 -9.567158818244934082e-01 6.935814023017883301e-02 3.728977218270301819e-02 6.129232794046401978e-02 9.974233508110046387e-01 -8.141846954822540283e-02 -1.408787816762924194e-01 6.373017430305480957e-01
2.000000000000000000e+00 -9.060369729995727539e-01 4.210752844810485840e-01 4.232317954301834106e-02 -4.201068580150604248e-01 -9.069759845733642578e-01 3.007188811898231506e-02 5.104788392782211304e-02 9.465703740715980530e-03 9.986516833305358887e-01 -7.202502340078353882e-02 -1.464330106973648071e-01 6.269859671592712402e-01
2.000000000000000000e+00 -8.781267404556274414e-01 4.783853888511657715e-01 6.270356476306915283e-03 -4.751646816730499268e-01 -8.705376386642456055e-01 -1.279940009117126465e-01 -5.577275902032852173e-02 -1.153747737407684326e-01 9.917554855346679688e-01 -6.285253912210464478e-02 -1.582202315330505371e-01 6.171004176139831543e-01
2.000000000000000000e+00 -8.448154926300048828e-01 5.343341231346130371e-01 2.779279090464115143e-02 -5.228161215782165527e-01 -8.133281469345092773e-01 -2.552653551101684570e-01 -1.137932986021041870e-01 -2.301831096410751343e-01 9.664716720581054688e-01 -5.250852927565574646e-02 -1.621066182851791382e-01 6.053779125213623047e-01
2.000000000000000000e+00 -7.634816169738769531e-01 6.448692083358764648e-01 3.518870845437049866e-02 -6.234924197196960449e-01 -7.217766046524047852e-01 -3.004919588565826416e-01 -1.683806478977203369e-01 -2.513603270053863525e-01 9.531351327896118164e-01 -3.304914757609367371e-02 -1.714411675930023193e-01 5.994209051132202148e-01
2.000000000000000000e+00 -6.681553125381469727e-01 7.437962293624877930e-01 -1.828289963304996490e-02 -6.777503490447998047e-01 -6.185968518257141113e-01 -3.974817693233489990e-01 -3.069564104080200195e-01 -2.531886100769042969e-01 9.174278974533081055e-01 -2.296046912670135498e-02 -1.745546907186508179e-01 5.938757658004760742e-01
2.000000000000000000e+00 -5.637488365173339844e-01 8.257091045379638672e-01 1.975679025053977966e-02 -6.894932985305786133e-01 -4.573096036911010742e-01 -5.616638064384460449e-01 -4.547373950481414795e-01 -3.302597701549530029e-01 8.271295428276062012e-01 -4.257287830114364624e-03 -1.820484995841979980e-01 5.886877179145812988e-01
2.000000000000000000e+00 -4.353809356689453125e-01 8.999009132385253906e-01 2.490990795195102692e-02 -7.521989941596984863e-01 -3.484407067298889160e-01 -5.592720508575439453e-01 -4.946109950542449951e-01 -2.622336447238922119e-01 8.286099433898925781e-01 1.447307970374822617e-02 -1.867241263389587402e-01 5.806244015693664551e-01
2.000000000000000000e+00 -3.054965138435363770e-01 9.520275592803955078e-01 1.771633885800838470e-02 -7.480769753456115723e-01 -2.284568399190902710e-01 -6.230471134185791016e-01 -5.891119837760925293e-01 -2.035918384790420532e-01 7.819836139678955078e-01 2.282579243183135986e-02 -1.915388703346252441e-01 5.740830898284912109e-01
2.000000000000000000e+00 -1.821000874042510986e-01 9.832656979560852051e-01 5.127227865159511566e-03 -6.637158393859863281e-01 -1.190694272518157959e-01 -7.384465336799621582e-01 -7.254802584648132324e-01 -1.378739327192306519e-01 6.742923855781555176e-01 3.093808144330978394e-02 -1.940340995788574219e-01 5.741193294525146484e-01
