2.000000000000000000e+00 9.966006278991699219e-01 -4.361216723918914795e-02 6.989352405071258545e-02 4.362426325678825378e-02 9.990468621253967285e-01 1.355116721242666245e-03 -6.988601386547088623e-02 1.698537962511181831e-03 9.975537657737731934e-01 1.929645054042339325e-02 4.261414986103773117e-03 5.510868430137634277e-01
2.000000000000000000e+00 9.713061451911926270e-01 -1.302208453416824341e-01 1.990142911672592163e-01 1.342353373765945435e-01 9.909261465072631836e-01 -6.754492409527301788e-03 -1.963290423154830933e-01 3.327543288469314575e-02 9.799736142158508301e-01 2.835549414157867432e-02 7.824863307178020477e-03 5.515512824058532715e-01
2.000000000000000000e+00 9.559617638587951660e-01 -1.738177537918090820e-01 2.364834100008010864e-01 1.775066107511520386e-01 9.841023087501525879e-01 5.772369913756847382e-03 -2.337274104356765747e-01 3.645920008420944214e-02 9.716187715530395508e-01 3.690160810947418213e-02 1.604409515857696533e-02 5.531840324401855469e-01
2.000000000000000000e+00 9.111658930778503418e-01 -1.947460174560546875e-01 3.631126582622528076e-01 2.122024148702621460e-01 9.771893024444580078e-01 -8.393143303692340851e-03 -3.531956374645233154e-01 8.470095694065093994e-02 9.317077398300170898e-01 4.527657851576805115e-02 1.873889937996864319e-02 5.525509119033813477e-01
2.000000000000000000e+00 8.369048237800598145e-01 -2.643685638904571533e-01 4.792699217796325684e-01 3.081009984016418457e-01 9.512605667114257812e-01 -1.328607369214296341e-02 -4.523985683917999268e-01 1.587828248739242554e-01 8.775671124458312988e-01 5.352903157472610474e-02 2.474017255008220673e-02 5.559263825416564941e-01
2.000000000000000000e+00 7.832542061805725098e-01 -3.341835141181945801e-01 5.242466330528259277e-01 3.935406208038330078e-01 9.193049073219299316e-01 -1.956307329237461090e-03 -4.812891781330108643e-01 2.078447490930557251e-01 8.515642881393432617e-01 7.065624743700027466e-02 2.672834880650043488e-02 5.583752393722534180e-01
2.000000000000000000e+00 6.819145679473876953e-01 -3.638567030429840088e-01 6.345086097717285156e-01 4.755288660526275635e-01 8.796749711036682129e-01 -6.610037758946418762e-03 -5.557566285133361816e-01 3.062346577644348145e-01 7.728875875473022461e-01 7.772260904312133789e-02 3.009544499218463898e-02 5.592724084854125977e-01
2.000000000000000000e+00 5.930165052413940430e-01 -3.551482856273651123e-01 7.226349711418151855e-01 5.191437005996704102e-01 8.546658158302307129e-01 -5.988372489809989929e-03 -6.154849529266357422e-01 3.787026703357696533e-01 6.912037730216979980e-01 8.471754938364028931e-02 3.131128847599029541e-02 5.647878646850585938e-01
2.000000000000000000e+00 5.368870496749877930e-01 -3.591096997261047363e-01 7.634086012840270996e-01 5.630593299865722656e-01 8.263844847679138184e-01 -7.252145558595657349e-03 -6.282649636268615723e-01 4.337380826473236084e-01 6.458751559257507324e-01 9.070976078510284424e-02 3.211720287799835205e-02 5.675718188285827637e-01
2.000000000000000000e+00 4.426658749580383301e-01 -3.232192993164062500e-01 8.364067077636718750e-01 6.168145537376403809e-01 7.867894768714904785e-01 -2.240188792347908020e-02 -6.508356332778930664e-01 5.258247256278991699e-01 5.476510524749755859e-01 1.008731648325920105e-01 3.184077888727188110e-02 5.746154785156250000e-01
2.000000000000000000e+00 3.710900545120239258e-01 -3.264392018318176270e-01 8.693270087242126465e-01 6.926115155220031738e-01 7.208788990974426270e-01 -2.495946735143661499e-02 -6.185320615768432617e-01 6.113684773445129395e-01 4.936061799526214600e-01 1.045687198638916016e-01 3.054489940404891968e-02 5.843831896781921387e-01
2.000000000000000000e+00 2.591385543346405029e-01 -2.846899926662445068e-01 9.229294061660766602e-01 7.671027183532714844e-01 6.412836909294128418e-01 -1.757301948964595795e-02 -5.868569016456604004e-01 7.125359177589416504e-01 3.845674097537994385e-01 1.073698326945304871e-01 2.761111781001091003e-02 5.869380235671997070e-01
2.000000000000000000e+00 1.895465552806854248e-01 -2.491491436958312988e-01 9.497349858283996582e-01 8.370704054832458496e-01 5.465829372406005859e-01 -2.367281168699264526e-02 -5.132110714912414551e-01 7.994824647903442383e-01 3.121579885482788086e-01 1.090568825602531433e-01 2.590306289494037628e-02 5.927706360816955566e-01
2.000000000000000000e+00 1.225394159555435181e-01 -1.786413341760635376e-01 9.762536287307739258e-01 8.683403730392456055e-01 4.956310987472534180e-01 -1.830003783106803894e-02 -4.805925786495208740e-01 8.499633073806762695e-01 2.158555090427398682e-01 1.111162453889846802e-01 2.128955535590648651e-02 6.084243655204772949e-01
2.000000000000000000e+00 7.524991035461425781e-02 -1.312976777553558350e-01 9.884828329086303711e-01 9.136757850646972656e-01 4.061441123485565186e-01 -1.560776960104703903e-02 -3.994171321392059326e-01 9.043276906013488770e-01 1.505254805088043213e-01 1.109469234943389893e-01 1.549274101853370667e-02 6.112157106399536133e-01
2.000000000000000000e+00 4.464220628142356873e-02 -9.259869158267974854e-02 9.947022795677185059e-01 9.414632916450500488e-01 3.369399607181549072e-01 -1.088624168187379837e-02 -3.341467976570129395e-01 9.369617700576782227e-01 1.022196561098098755e-01 1.093061193823814392e-01 8.470137603580951691e-03 6.151424646377563477e-01
2.000000000000000000e+00 1.623215526342391968e-02 -6.915117800235748291e-02 9.974741935729980469e-01 9.558581113815307617e-01 2.937890291213989258e-01 4.812617786228656769e-03 -2.933797538280487061e-01 9.533658027648925781e-01 7.086721807718276978e-02 1.066184788942337036e-01 4.655542783439159393e-03 6.275728344917297363e-01
2.000000000000000000e+00 -9.619537740945816040e-03 1.802712306380271912e-02 9.997912645339965820e-01 9.848380088806152344e-01 1.733595132827758789e-01 6.350083276629447937e-03 -1.732088327407836914e-01 9.846937060356140137e-01 -1.942176558077335358e-02 1.024482175707817078e-01 -3.884577890858054161e-03 6.347459554672241211e-01
2.000000000000000000e+00 -1.957584545016288757e-02 5.749690532684326172e-02 9.981537461280822754e-01 9.985910058021545410e-01 5.037457495927810669e-02 1.668291911482810974e-02 -4.932234436273574829e-02 9.970740675926208496e-01 -5.840234458446502686e-02 9.862411767244338989e-02 -1.450447272509336472e-02 6.405552029609680176e-01
2.000000000000000000e+00 -2.595693059265613556e-02 1.131831780076026917e-01 9.932349920272827148e-01 9.982910156250000000e-01 -4.910193383693695068e-02 3.168466314673423767e-02 5.235596001148223877e-02 9.923601150512695312e-01 -1.117155328392982483e-01 8.829602599143981934e-02 -2.612649463117122650e-02 6.434377431869506836e-01
2.000000000000000000e+00 -1.043461076915264130e-02 2.364954054355621338e-01 9.715763330459594727e-01 9.845379590988159180e-01 -1.674776375293731689e-01 5.134047567844390869e-02 1.748591959476470947e-01 9.570899009704589844e-01 -2.310915291309356689e-01 8.142241090536117554e-02 -3.223801776766777039e-02 6.507487893104553223e-01
2.000000000000000000e+00 9.524254128336906433e-04 3.345962762832641602e-01 9.423608779907226562e-01 9.636618494987487793e-01 -2.520331740379333496e-01 8.851361274719238281e-02 2.671226561069488525e-01 9.080333709716796875e-01 -3.226781487464904785e-01 7.561677694320678711e-02 -3.769978508353233337e-02 6.608949303627014160e-01
2.000000000000000000e+00 2.712884545326232910e-02 3.949842453002929688e-01 9.182870388031005859e-01 9.493231177330017090e-01 -2.979332208633422852e-01 1.001049503684043884e-01 3.131282329559326172e-01 8.690358400344848633e-01 -3.830506801605224609e-01 6.849627196788787842e-02 -5.071809142827987671e-02 6.809017062187194824e-01
2.000000000000000000e+00 5.460729449987411499e-02 4.912988245487213135e-01 8.692773580551147461e-01 9.275278449058532715e-01 -3.473292291164398193e-01 1.380374878644943237e-01 3.697431981563568115e-01 7.987414002418518066e-01 -4.746604263782501221e-01 6.030621379613876343e-02 -5.755458772182464600e-02 6.909646987915039062e-01
2.000000000000000000e+00 9.477279335260391235e-02 5.773949027061462402e-01 8.109457492828369141e-01 9.051102995872497559e-01 -3.891444802284240723e-01 1.712944805622100830e-01 4.144797623157501221e-01 7.177613973617553711e-01 -5.594867467880249023e-01 5.200664699077606201e-02 -7.069561630487442017e-02 7.073880434036254883e-01
2.000000000000000000e+00 1.780595630407333374e-01 6.404736042022705078e-01 7.470531463623046875e-01 8.490547537803649902e-01 -4.837449193000793457e-01 2.123594582080841064e-01 4.973938167095184326e-01 5.964764952659606934e-01 -6.299329996109008789e-01 3.324008360505104065e-02 -8.429405093193054199e-02 7.190028429031372070e-01
2.000000000000000000e+00 2.389289885759353638e-01 7.034639716148376465e-01 6.693664193153381348e-01 8.121156096458435059e-01 -5.226631760597229004e-01 2.594051361083984375e-01 5.323354005813598633e-01 4.816235303878784180e-01 -6.961740255355834961e-01 1.486586220562458038e-02 -9.931808710098266602e-02 7.352904677391052246e-01
2.000000000000000000e+00 3.004788458347320557e-01 7.535016536712646484e-01 5.847627520561218262e-01 7.812852263450622559e-01 -5.461159348487854004e-01 3.022421300411224365e-01 5.470881462097167969e-01 3.660492002964019775e-01 -7.527967691421508789e-01 6.052655633538961411e-03 -1.057067885994911194e-01 7.474980950355529785e-01
2.000000000000000000e+00 3.517905473709106445e-01 7.630105018615722656e-01 5.422710180282592773e-01 7.426705360412597656e-01 -5.801344513893127441e-01 3.344906568527221680e-01 5.698098540306091309e-01 2.850581407546997070e-01 -7.707520723342895508e-01 -3.178047481924295425e-03 -1.136149689555168152e-01 7.539281249046325684e-01
2.000000000000000000e+00 4.643355607986450195e-01 7.654917836189270020e-01 4.454372823238372803e-01 6.682178974151611328e-01 -6.328908801078796387e-01 3.910671770572662354e-01 5.812717676162719727e-01 1.160627156496047974e-01 -8.053899407386779785e-01 -1.319475844502449036e-02 -1.276932358741760254e-01 7.578185796737670898e-01
2.000000000000000000e+00 5.230185985565185547e-01 7.761390209197998047e-01 3.522207140922546387e-01 6.469358205795288086e-01 -6.305509209632873535e-01 4.288113415241241455e-01 5.549101233482360840e-01 3.587743267416954041e-03 -8.319028019905090332e-01 -2.329021319746971130e-02 -1.427954137325286865e-01 7.671573758125305176e-01
2.000000000000000000e+00 6.276621222496032715e-01 7.363876104354858398e-01 2.525337040424346924e-01 5.820566415786743164e-01 -6.593264937400817871e-01 4.759182631969451904e-01 5.169621706008911133e-01 -1.517271399497985840e-01 -8.424542546272277832e-01 -3.193452954292297363e-02 -1.494964212179183960e-01 7.850843667984008789e-01
2.000000000000000000e+00 6.832680702209472656e-01 7.147208452224731445e-01 1.493924707174301147e-01 5.686548352241516113e-01 -6.492124199867248535e-01 5.051279067993164062e-01 4.580125808715820312e-01 -2.601853609085083008e-01 -8.500165939331054688e-01 -3.996704146265983582e-02 -1.633455902338027954e-01 7.942318320274353027e-01
2.000000000000000000e+00 7.607675194740295410e-01 6.469295024871826172e-01 5.209869518876075745e-02 5.159565806388854980e-01 -6.515343785285949707e-01 5.561395287513732910e-01 3.937267959117889404e-01 -3.962126970291137695e-01 -8.294544816017150879e-01 -4.849796742200851440e-02 -1.769593656063079834e-01 8.004614114761352539e-01
2.000000000000000000e+00 7.885199189186096191e-01 6.144459843635559082e-01 -2.630705945193767548e-02 5.044336915016174316e-01 -6.216853857040405273e-01 5.992106199264526367e-01 3.518273830413818359e-01 -4.857600927352905273e-01 -8.001591563224792480e-01 -5.673016980290412903e-02 -1.837678402662277222e-01 8.204804658889770508e-01
2.000000000000000000e+00 8.214085698127746582e-01 5.641138553619384766e-01 -8.404160290956497192e-02 4.729588925838470459e-01 -5.913727879524230957e-01 6.531367301940917969e-01 3.187430500984191895e-01 -5.762407779693603516e-01 -7.525619864463806152e-01 -7.106048613786697388e-02 -1.962109357118606567e-01 8.340546488761901855e-01
2.000000000000000000e+00 8.407549262046813965e-01 5.048582553863525391e-01 -1.955724060535430908e-01 4.877773225307464600e-01 -5.495574474334716797e-01 6.782766580581665039e-01 2.349548190832138062e-01 -6.656607985496520996e-01 -7.083021402359008789e-01 -8.445803821086883545e-02 -2.078516036272048950e-01 8.406237363815307617e-01
2.000000000000000000e+00 8.607999682426452637e-01 4.493284225463867188e-01 -2.390118688344955444e-01 4.727762639522552490e-01 -5.320935249328613281e-01 7.023947238922119141e-01 1.884288638830184937e-01 -7.176211476325988770e-01 -6.704581975936889648e-01 -9.577117115259170532e-02 -2.188064754009246826e-01 8.531305789947509766e-01
2.000000000000000000e+00 8.698050975799560547e-01 3.964206576347351074e-01 -2.937502861022949219e-01 4.761456847190856934e-01 -5.183672308921813965e-01 7.103377580642700195e-01 1.293216347694396973e-01 -7.577240467071533203e-01 -6.396326422691345215e-01 -1.051301583647727966e-01 -2.235922515392303467e-01 8.696051239967346191e-01
2.000000000000000000e+00 8.794061541557312012e-01 2.887163460254669189e-01 -3.785331249237060547e-01 4.756827354431152344e-01 -5.007260441780090332e-01 7.231861948966979980e-01 1.925376430153846741e-02 -8.160366415977478027e-01 -5.776790976524353027e-01 -1.126613840460777283e-01 -2.278418093919754028e-01 8.859678506851196289e-01
2.000000000000000000e+00 8.861952424049377441e-01 1.837625950574874878e-01 -4.253101050853729248e-01 4.560466408729553223e-01 -5.079061985015869141e-01 7.307884097099304199e-01 -8.172659575939178467e-02 -8.415830731391906738e-01 -5.339085459709167480e-01 -1.153934970498085022e-01 -2.363793402910232544e-01 9.032992124557495117e-01
2.000000000000000000e+00 8.545984625816345215e-01 1.275484859943389893e-01 -5.033804178237915039e-01 4.975936412811279297e-01 -4.784032702445983887e-01 7.235535979270935059e-01 -1.485312134027481079e-01 -8.688276410102844238e-01 -4.723101556301116943e-01 -1.172993034124374390e-01 -2.409338951110839844e-01 9.107148647308349609e-01
2.000000000000000000e+00 8.376056551933288574e-01 7.689736783504486084e-02 -5.408350229263305664e-01 5.123843550682067871e-01 -4.538803398609161377e-01 7.290088534355163574e-01 -1.894160807132720947e-01 -8.877384066581726074e-01 -4.195738136768341064e-01 -1.186446771025657654e-01 -2.439494431018829346e-01 9.232591986656188965e-01
2.000000000000000000e+00 7.906956672668457031e-01 2.640413120388984680e-02 -6.116389632225036621e-01 5.586369633674621582e-01 -4.398266971111297607e-01 7.031899690628051758e-01 -2.504485249519348145e-01 -8.976945877075195312e-01 -3.625192642211914062e-01 -1.177626922726631165e-01 -2.498252838850021362e-01 9.409865140914916992e-01
2.000000000000000000e+00 7.371477484703063965e-01 -1.620561629533767700e-02 -6.755365729331970215e-01 6.104569435119628906e-01 -4.126995503902435303e-01 6.760326623916625977e-01 -2.897496819496154785e-01 -9.107231497764587402e-01 -2.943274974822998047e-01 -1.161931976675987244e-01 -2.536467015743255615e-01 9.450109601020812988e-01
2.000000000000000000e+00 7.001147270202636719e-01 -5.134268850088119507e-02 -7.121813893318176270e-01 6.426280140876770020e-01 -3.894501030445098877e-01 6.598157286643981934e-01 -3.112362921237945557e-01 -9.196156263351440430e-01 -2.396651506423950195e-01 -1.128875762224197388e-01 -2.548167407512664795e-01 9.517244696617126465e-01
2.000000000000000000e+00 6.201446652412414551e-01 -8.778651058673858643e-02 -7.795595526695251465e-01 6.921224594116210938e-01 -4.065776467323303223e-01 5.963723063468933105e-01 -3.693054616451263428e-01 -9.093890786170959473e-01 -1.913775503635406494e-01 -1.088874712586402893e-01 -2.565886080265045166e-01 9.603024721145629883e-01
2.000000000000000000e+00 5.715792775154113770e-01 -1.511593610048294067e-01 -8.065030574798583984e-01 6.960383653640747070e-01 -4.311954379081726074e-01 5.741079449653625488e-01 -4.345428347587585449e-01 -8.895062804222106934e-01 -1.412492096424102783e-01 -9.875430166721343994e-02 -2.553684711456298828e-01 9.710173010826110840e-01
2.000000000000000000e+00 5.188450813293457031e-01 -2.041599750518798828e-01 -8.301311135292053223e-01 6.806972622871398926e-01 -4.887841343879699707e-01 5.456557869911193848e-01 -5.171566009521484375e-01 -8.481797575950622559e-01 -1.146316081285476685e-01 -9.424226731061935425e-02 -2.555804252624511719e-01 9.785428643226623535e-01
2.000000000000000000e+00 4.743588864803314209e-01 -2.196054756641387939e-01 -8.524998426437377930e-01 7.045311331748962402e-01 -4.859392940998077393e-01 5.172020196914672852e-01 -5.278443098068237305e-01 -8.459531664848327637e-01 -7.579018175601959229e-02 -8.158984035253524780e-02 -2.526090145111083984e-01 9.830325841903686523e-01
2.000000000000000000e+00 4.185195267200469971e-01 -2.556161880493164062e-01 -8.714934587478637695e-01 7.001456618309020996e-01 -5.203891992568969727e-01 4.888662695884704590e-01 -5.784785747528076172e-01 -8.147734403610229492e-01 -3.882388770580291748e-02 -7.518268376588821411e-02 -2.495689839124679565e-01 9.914746284484863281e-01
2.000000000000000000e+00 3.467977344989776611e-01 -2.861041724681854248e-01 -8.932383060455322266e-01 6.911944150924682617e-01 -5.657987594604492188e-01 4.495790600776672363e-01 -6.340203881263732910e-01 -7.733151316642761230e-01 1.536511001177132130e-03 -5.974010750651359558e-02 -2.443913966417312622e-01 1.002958416938781738e+00
2.000000000000000000e+00 2.828567624092102051e-01 -2.535799443721771240e-01 -9.250342249870300293e-01 7.104055285453796387e-01 -5.925957560539245605e-01 3.796752989292144775e-01 -6.444503068923950195e-01 -7.645440101623535156e-01 1.252548675984144211e-02 -5.073054879903793335e-02 -2.380930036306381226e-01 1.009498953819274902e+00
2.000000000000000000e+00 2.077694237232208252e-01 -2.175904661417007446e-01 -9.536695480346679688e-01 7.359522581100463867e-01 -6.074627637863159180e-01 2.989355623722076416e-01 -6.443649530410766602e-01 -7.639657258987426758e-01 3.392462804913520813e-02 -4.155141115188598633e-02 -2.317959219217300415e-01 1.020009636878967285e+00
2.000000000000000000e+00 1.681095063686370850e-01 -2.036350071430206299e-01 -9.645059108734130859e-01 7.339451909065246582e-01 -6.273212432861328125e-01 2.603685259819030762e-01 -6.580759286880493164e-01 -7.516655325889587402e-01 4.399889707565307617e-02 -3.208750113844871521e-02 -2.228277921676635742e-01 1.021581649780273438e+00
2.000000000000000000e+00 1.175615042448043823e-01 -1.583420336246490479e-01 -9.803606271743774414e-01 7.110440731048583984e-01 -6.757378578186035156e-01 1.944064646959304810e-01 -6.932502985000610352e-01 -7.199347615242004395e-01 3.314800933003425598e-02 -2.195042371749877930e-02 -2.137349545955657959e-01 1.024750232696533203e+00
2.000000000000000000e+00 8.329697698354721069e-02 -1.309305876493453979e-01 -9.878858327865600586e-01 7.263290286064147949e-01 -6.707483530044555664e-01 1.501406133174896240e-01 -6.822817325592041016e-01 -7.300369739532470703e-01 3.922800719738006592e-02 -1.177236903458833694e-02 -2.028066962957382202e-01 1.028804302215576172e+00
2.000000000000000000e+00 2.889636717736721039e-02 -7.005921751260757446e-02 -9.971240162849426270e-01 7.370883226394653320e-01 -6.723053455352783203e-01 6.859693676233291626e-02 -6.751786470413208008e-01 -7.369514107704162598e-01 3.221327438950538635e-02 7.649428211152553558e-03 -1.917187273502349854e-01 1.034774303436279297e+00
2.000000000000000000e+00 -5.198424682021141052e-03 -2.678964985534548759e-03 -9.999826550483703613e-01 6.856579184532165527e-01 -7.279216051101684570e-01 -1.615000423043966293e-03 -7.279054522514343262e-01 -6.856553554534912109e-01 5.621496122330427170e-03 1.703214459121227264e-02 -1.789740175008773804e-01 1.034625172615051270e+00
2.000000000000000000e+00 -1.505656354129314423e-02 6.869694590568542480e-02 -9.975236654281616211e-01 6.445735096931457520e-01 -7.620068788528442383e-01 -6.220735609531402588e-02 -7.643941640853881836e-01 -6.439151167869567871e-01 -3.280650824308395386e-02 2.669985964894294739e-02 -1.657734066247940063e-01 1.034984946250915527e+00
2.000000000000000000e+00 -2.666390128433704376e-02 1.389716714620590210e-01 -9.899369478225708008e-01 6.274213194847106934e-01 -7.686132788658142090e-01 -1.248015388846397400e-01 -7.782235145568847656e-01 -6.244363188743591309e-01 -6.669908761978149414e-02 4.501356557011604309e-02 -1.524807363748550415e-01 1.038482427597045898e+00
2.000000000000000000e+00 -5.505246110260486603e-03 2.190286219120025635e-01 -9.757025241851806641e-01 5.903705954551696777e-01 -7.868144512176513672e-01 -1.799582391977310181e-01 -8.071138262748718262e-01 -5.770179033279418945e-01 -1.249760612845420837e-01 5.391795560717582703e-02 -1.382177621126174927e-01 1.040114045143127441e+00
2.000000000000000000e+00 5.092711187899112701e-03 2.830571234226226807e-01 -9.590891599655151367e-01 5.815813541412353516e-01 -7.810509204864501953e-01 -2.274249643087387085e-01 -8.134725689888000488e-01 -5.566313862800598145e-01 -1.685981005430221558e-01 7.040349394083023071e-02 -1.232307255268096924e-01 1.036905527114868164e+00
2.000000000000000000e+00 2.970536425709724426e-02 3.106998205184936523e-01 -9.500434398651123047e-01 5.682660341262817383e-01 -7.871680855751037598e-01 -2.396659404039382935e-01 -8.223088979721069336e-01 -5.327591896057128906e-01 -1.999429911375045776e-01 7.774712145328521729e-02 -1.155881360173225403e-01 1.033123493194580078e+00
2.000000000000000000e+00 7.766021788120269775e-02 3.352020680904388428e-01 -9.389397501945495605e-01 5.349282622337341309e-01 -8.087522387504577637e-01 -2.444814741611480713e-01 -8.413211703300476074e-01 -4.832799434661865234e-01 -2.421167045831680298e-01 9.120412915945053101e-02 -1.074212640523910522e-01 1.028988599777221680e+00
2.000000000000000000e+00 1.118127852678298950e-01 3.781828880310058594e-01 -9.189532399177551270e-01 5.599254965782165527e-01 -7.879548668861389160e-01 -2.561445832252502441e-01 -8.209639191627502441e-01 -4.859061837196350098e-01 -2.998575568199157715e-01 1.028476357460021973e-01 -9.917502105236053467e-02 1.024800658226013184e+00
2.000000000000000000e+00 1.790738552808761597e-01 3.942879438400268555e-01 -9.013705849647521973e-01 5.028212666511535645e-01 -8.241642713546752930e-01 -2.606215178966522217e-01 -8.456381559371948242e-01 -4.065589308738708496e-01 -3.458425998687744141e-01 1.130026727914810181e-01 -8.358390629291534424e-02 1.023806452751159668e+00
2.000000000000000000e+00 2.512032091617584229e-01 3.860949873924255371e-01 -8.875962495803833008e-01 4.175834655761718750e-01 -8.705026507377624512e-01 -2.604777514934539795e-01 -8.732249736785888672e-01 -3.052136301994323730e-01 -3.798999786376953125e-01 1.171855479478836060e-01 -6.767764687538146973e-02 1.021991014480590820e+00
2.000000000000000000e+00 3.159621953964233398e-01 3.979217112064361572e-01 -8.612929582595825195e-01 3.987772762775421143e-01 -8.794164657592773438e-01 -2.600056827068328857e-01 -8.608981370925903320e-01 -2.613130211830139160e-01 -4.365445673465728760e-01 1.207076832652091980e-01 -5.339444056153297424e-02 1.024446010589599609e+00
2.000000000000000000e+00 4.086285233497619629e-01 3.885542452335357666e-01 -8.258617520332336426e-01 3.681327104568481445e-01 -8.981519937515258789e-01 -2.404179275035858154e-01 -8.351660370826721191e-01 -2.057858854532241821e-01 -5.100502371788024902e-01 1.247540414333343506e-01 -4.610204324126243591e-02 1.017692208290100098e+00
2.000000000000000000e+00 4.620502293109893799e-01 3.548512160778045654e-01 -8.127664923667907715e-01 3.362747132778167725e-01 -9.181243777275085449e-01 -2.096818685531616211e-01 -8.206278681755065918e-01 -1.764299869537353516e-01 -5.435473918914794922e-01 1.266735047101974487e-01 -3.091820888221263885e-02 1.015337705612182617e+00
2.000000000000000000e+00 5.175008773803710938e-01 3.385497629642486572e-01 -7.858601808547973633e-01 3.103244602680206299e-01 -9.301318526268005371e-01 -1.963495910167694092e-01 -7.974289059638977051e-01 -1.422612220048904419e-01 -5.864047408103942871e-01 1.270758956670761108e-01 -1.647916994988918304e-02 1.011432647705078125e+00
2.000000000000000000e+00 6.073338985443115234e-01 2.818362116813659668e-01 -7.427740097045898438e-01 2.488751709461212158e-01 -9.553921222686767578e-01 -1.590179502964019775e-01 -7.544584870338439941e-01 -8.828151971101760864e-02 -6.503846645355224609e-01 1.236164048314094543e-01 -2.544194692745804787e-03 1.007694125175476074e+00
2.000000000000000000e+00 6.451939940452575684e-01 2.448224276304244995e-01 -7.237306833267211914e-01 2.302028834819793701e-01 -9.655404686927795410e-01 -1.214001476764678955e-01 -7.285135388374328613e-01 -8.827873319387435913e-02 -6.793203353881835938e-01 1.199081987142562866e-01 3.323631361126899719e-03 1.003803133964538574e+00
2.000000000000000000e+00 6.788588166236877441e-01 1.726813465356826782e-01 -7.136744856834411621e-01 1.509756892919540405e-01 -9.840118885040283203e-01 -9.448270499706268311e-02 -7.185803055763244629e-01 -4.360750690102577209e-02 -6.940763592720031738e-01 1.160790175199508667e-01 9.161884896457195282e-03 9.982758760452270508e-01
2.000000000000000000e+00 7.098930478096008301e-01 1.285194903612136841e-01 -6.924839019775390625e-01 1.138544529676437378e-01 -9.912189245223999023e-01 -6.724642962217330933e-02 -6.950463652610778809e-01 -3.110501542687416077e-02 -7.182925939559936523e-01 1.077083200216293335e-01 2.085148356854915619e-02 9.882572293281555176e-01
2.000000000000000000e+00 7.636345028877258301e-01 9.006652235984802246e-02 -6.393353343009948730e-01 7.695519179105758667e-02 -9.958601593971252441e-01 -4.837623611092567444e-02 -6.410463452339172363e-01 -1.225880719721317291e-02 -7.674049735069274902e-01 9.602642059326171875e-02 2.575317211449146271e-02 9.748917818069458008e-01
2.000000000000000000e+00 8.116779327392578125e-01 -8.632609620690345764e-03 -5.840408205986022949e-01 6.856407038867473602e-03 -9.996811747550964355e-01 2.430383861064910889e-02 -5.840650200843811035e-01 -2.373171225190162659e-02 -8.113605976104736328e-01 8.950869739055633545e-02 3.103267773985862732e-02 9.676450490951538086e-01
2.000000000000000000e+00 8.117736577987670898e-01 -6.054523587226867676e-02 -5.808243751525878906e-01 -2.065821737051010132e-02 -9.969658851623535156e-01 7.505042850971221924e-02 -5.836067199707031250e-01 -4.892557859420776367e-02 -8.105620145797729492e-01 7.556162029504776001e-02 3.923224657773971558e-02 9.605455994606018066e-01
2.000000000000000000e+00 8.209756016731262207e-01 -1.173328757286071777e-01 -5.587764382362365723e-01 -3.037207946181297302e-02 -9.862462878227233887e-01 1.624688357114791870e-01 -5.701549053192138672e-01 -1.164122074842453003e-01 -8.132482767105102539e-01 6.746801733970642090e-02 4.557872191071510315e-02 9.545488357543945312e-01
2.000000000000000000e+00 8.405933380126953125e-01 -1.779175698757171631e-01 -5.116124153137207031e-01 -5.900342389941215515e-02 -9.689724445343017578e-01 2.400229424238204956e-01 -5.384435057640075684e-01 -1.715752631425857544e-01 -8.250100612640380859e-01 5.139558762311935425e-02 4.796803370118141174e-02 9.450360536575317383e-01
2.000000000000000000e+00 8.467662930488586426e-01 -2.327903658151626587e-01 -4.783248305320739746e-01 -6.688509881496429443e-02 -9.386218786239624023e-01 3.384008407592773438e-01 -5.277433991432189941e-01 -2.545541226863861084e-01 -8.103641271591186523e-01 3.275427222251892090e-02 5.203236266970634460e-02 9.324504137039184570e-01
2.000000000000000000e+00 8.239516615867614746e-01 -3.503309488296508789e-01 -4.453889429569244385e-01 -1.836491525173187256e-01 -9.086592197418212891e-01 3.749819397926330566e-01 -5.360752344131469727e-01 -2.271721363067626953e-01 -8.130296468734741211e-01 1.469299383461475372e-02 5.486243590712547302e-02 9.224787950515747070e-01
2.000000000000000000e+00 7.925882339477539062e-01 -4.536303579807281494e-01 -4.074587523937225342e-01 -2.366217821836471558e-01 -8.446845412254333496e-01 4.801232516765594482e-01 -5.619732141494750977e-01 -2.841268777847290039e-01 -7.768263220787048340e-01 5.665745586156845093e-03 5.579724907875061035e-02 9.085142016410827637e-01
2.000000000000000000e+00 7.295709848403930664e-01 -5.704577565193176270e-01 -3.772311210632324219e-01 -3.487132489681243896e-01 -7.847873568534851074e-01 5.123553872108459473e-01 -5.883240699768066406e-01 -2.422544956207275391e-01 -7.714847326278686523e-01 -1.407132670283317566e-02 5.602965131402015686e-02 8.982686996459960938e-01
2.000000000000000000e+00 6.481777429580688477e-01 -6.679788827896118164e-01 -3.656076192855834961e-01 -3.886092901229858398e-01 -7.030597925186157227e-01 5.955583453178405762e-01 -6.548653841018676758e-01 -2.439494431018829346e-01 -7.152910232543945312e-01 -3.436511382460594177e-02 5.517214536666870117e-02 8.914016485214233398e-01
2.000000000000000000e+00 5.752193331718444824e-01 -7.419990897178649902e-01 -3.443244397640228271e-01 -3.876059353351593018e-01 -6.179211735725402832e-01 6.840577721595764160e-01 -7.203364372253417969e-01 -2.600214183330535889e-01 -6.430437564849853516e-01 -5.422946810722351074e-02 5.427528545260429382e-02 8.881562352180480957e-01
2.000000000000000000e+00 4.324976801872253418e-01 -8.322912454605102539e-01 -3.467508256435394287e-01 -4.109264016151428223e-01 -5.242712497711181641e-01 7.458411455154418945e-01 -8.025494813919067383e-01 -1.800858378410339355e-01 -5.687568783760070801e-01 -7.322251051664352417e-02 4.966786503791809082e-02 8.757724761962890625e-01
2.000000000000000000e+00 4.137062430381774902e-01 -8.619974255561828613e-01 -2.929276227951049805e-01 -3.900297880172729492e-01 -4.585434794425964355e-01 7.985076904296875000e-01 -8.226326107978820801e-01 -2.160974591970443726e-01 -5.259073376655578613e-01 -8.205806463956832886e-02 4.550901427865028381e-02 8.763747215270996094e-01
2.000000000000000000e+00 3.610381782054901123e-01 -8.983448743820190430e-01 -2.502532601356506348e-01 -3.485047221183776855e-01 -3.788857161998748779e-01 8.573155403137207031e-01 -8.649837374687194824e-01 -2.223094999790191650e-01 -4.498699605464935303e-01 -9.142584353685379028e-02 4.001005366444587708e-02 8.615249991416931152e-01
2.000000000000000000e+00 2.477527856826782227e-01 -9.441695809364318848e-01 -2.171656042337417603e-01 -3.319880366325378418e-01 -2.933208346366882324e-01 8.965191841125488281e-01 -9.101669788360595703e-01 -1.500188708305358887e-01 -3.861242234706878662e-01 -1.083424985408782959e-01 3.551827743649482727e-02 8.418124914169311523e-01
2.000000000000000000e+00 1.314884722232818604e-01 -9.713897705078125000e-01 -1.977655738592147827e-01 -2.932056188583374023e-01 -2.286814749240875244e-01 9.282968044281005859e-01 -9.469649791717529297e-01 -6.407431513071060181e-02 -3.148859739303588867e-01 -1.239375621080398560e-01 3.174927458167076111e-02 8.247401714324951172e-01
2.000000000000000000e+00 -6.189488805830478668e-03 -9.821750521659851074e-01 -1.878619194030761719e-01 -2.221855968236923218e-01 -1.818193495273590088e-01 9.579012989997863770e-01 -9.749856591224670410e-01 4.766938462853431702e-02 -2.170997262001037598e-01 -1.368694007396697998e-01 2.616637572646141052e-02 8.092839121818542480e-01
2.000000000000000000e+00 -6.709462404251098633e-02 -9.834912419319152832e-01 -1.680524051189422607e-01 -1.218739598989486694e-01 -1.590928286314010620e-01 9.797120690345764160e-01 -9.902759790420532227e-01 8.621495962142944336e-02 -1.091873943805694580e-01 -1.497279405593872070e-01 2.108743041753768921e-02 7.934319376945495605e-01
2.000000000000000000e+00 -1.996550112962722778e-01 -9.681791067123413086e-01 -1.508828401565551758e-01 -3.510664775967597961e-02 -1.468169093132019043e-01 9.885402321815490723e-01 -9.792377352714538574e-01 2.026645690202713013e-01 -4.676321987062692642e-03 -1.543186753988265991e-01 1.469955220818519592e-02 7.806714177131652832e-01
2.000000000000000000e+00 -2.735100686550140381e-01 -9.519677758216857910e-01 -1.376527547836303711e-01 7.593252509832382202e-02 -1.640330255031585693e-01 9.835278987884521484e-01 -9.588676691055297852e-01 2.585530579090118408e-01 1.171506419777870178e-01 -1.631730198860168457e-01 8.192708715796470642e-03 7.756378054618835449e-01
2.000000000000000000e+00 -3.436499834060668945e-01 -9.322252869606018066e-01 -1.133997291326522827e-01 1.269637197256088257e-01 -1.657665222883224487e-01 9.779577851295471191e-01 -9.304759502410888672e-01 3.216781914234161377e-01 1.753251552581787109e-01 -1.669505536556243896e-01 8.999441051855683327e-04 7.627603411674499512e-01
2.000000000000000000e+00 -4.640319645404815674e-01 -8.784283995628356934e-01 -1.141786053776741028e-01 1.949225962162017822e-01 -2.269950360059738159e-01 9.541898369789123535e-01 -8.641061782836914062e-01 4.205193221569061279e-01 2.765593528747558594e-01 -1.716864556074142456e-01 -1.321109011769294739e-02 7.478445768356323242e-01
2.000000000000000000e+00 -5.148451924324035645e-01 -8.504193425178527832e-01 -1.082590967416763306e-01 2.781757116317749023e-01 -2.851716578006744385e-01 9.172214269638061523e-01 -8.108960390090942383e-01 4.421127438545227051e-01 3.833863139152526855e-01 -1.740224361419677734e-01 -2.708929963409900665e-02 7.376465201377868652e-01
2.000000000000000000e+00 -6.330426931381225586e-01 -7.688165307044982910e-01 -9.042677283287048340e-02 2.873399257659912109e-01 -3.418353497982025146e-01 8.947536349296569824e-01 -7.188128232955932617e-01 5.404347777366638184e-01 4.373091161251068115e-01 -1.736473888158798218e-01 -3.509118035435676575e-02 7.311504483222961426e-01
2.000000000000000000e+00 -6.868191361427307129e-01 -7.243535518646240234e-01 -5.991856008768081665e-02 3.239854276180267334e-01 -3.789055347442626953e-01 8.668701648712158203e-01 -6.506242156028747559e-01 5.759710073471069336e-01 4.949206709861755371e-01 -1.723931133747100830e-01 -4.250844195485115051e-02 7.273455858230590820e-01
2.000000000000000000e+00 -7.788414359092712402e-01 -6.251634359359741211e-01 -5.074943602085113525e-02 3.427591323852539062e-01 -4.919832646846771240e-01 8.002929091453552246e-01 -5.252817869186401367e-01 6.059070229530334473e-01 5.974586606025695801e-01 -1.715678572654724121e-01 -5.003113299608230591e-02 7.241406440734863281e-01
2.000000000000000000e+00 -8.578947186470031738e-01 -5.116816759109497070e-01 -4.687552899122238159e-02 3.068375885486602783e-01 -5.833450555801391602e-01 7.520368695259094238e-01 -4.121479988098144531e-01 6.307858824729919434e-01 6.574529409408569336e-01 -1.667259186506271362e-01 -6.630108505487442017e-02 7.162966728210449219e-01
2.000000000000000000e+00 -9.224510788917541504e-01 -3.847060203552246094e-01 -3.293133899569511414e-02 2.484101057052612305e-01 -6.566023826599121094e-01 7.121558189392089844e-01 -2.955932319164276123e-01 6.487488746643066406e-01 7.012493610382080078e-01 -1.633378267288208008e-01 -7.478924095630645752e-02 7.008212804794311523e-01
2.000000000000000000e+00 -9.672215580940246582e-01 -2.528885602951049805e-01 -2.300139144062995911e-02 1.818237453699111938e-01 -7.529475092887878418e-01 6.324636340141296387e-01 -1.772613525390625000e-01 6.075507402420043945e-01 7.742492556571960449e-01 -1.587631851434707642e-01 -9.073042124509811401e-02 6.947493553161621094e-01
2.000000000000000000e+00 -9.819757342338562012e-01 -1.884124726057052612e-01 -1.495665963739156723e-02 1.512932032346725464e-01 -8.310106992721557617e-01 5.352863073348999023e-01 -1.132834330201148987e-01 5.233755707740783691e-01 8.445390462875366211e-01 -1.458559334278106689e-01 -9.875706583261489868e-02 6.836870908737182617e-01
2.000000000000000000e+00 -9.922705292701721191e-01 -1.240857243537902832e-01 -1.137548591941595078e-03 1.116756573319435120e-01 -8.969565629959106445e-01 4.277820885181427002e-01 -5.410160124301910400e-02 4.243485629558563232e-01 9.038819670677185059e-01 -1.325101554393768311e-01 -1.142048910260200500e-01 6.793107390403747559e-01
2.000000000000000000e+00 -9.997934103012084961e-01 1.794492639601230621e-02 9.505238384008407593e-03 -1.411926001310348511e-02 -9.507066607475280762e-01 3.097703158855438232e-01 1.459589321166276932e-02 3.095720112323760986e-01 9.507647752761840820e-01 -1.174760758876800537e-01 -1.210243999958038330e-01 6.685673594474792480e-01
2.000000000000000000e+00 -9.882785081863403320e-01 1.526160240173339844e-01 3.627628087997436523e-03 -1.494776010513305664e-01 -9.722327589988708496e-01 1.800560653209686279e-01 3.100669011473655701e-02 1.774029731750488281e-01 9.836505055427551270e-01 -1.093184649944305420e-01 -1.286086440086364746e-01 6.656944751739501953e-01
2.000000000000000000e+00 -9.753544926643371582e-01 2.200297117233276367e-01 1.642613857984542847e-02 -2.161842882633209229e-01 -9.678851366043090820e-01 1.283070296049118042e-01 4.413031414151191711e-02 1.215933784842491150e-01 9.915993809700012207e-01 -9.094876796007156372e-02 -1.350059062242507935e-01 6.509516835212707520e-01
2.000000000000000000e+00 -9.560643434524536133e-01 2.925725579261779785e-01 1.848175004124641418e-02 -2.903694212436676025e-01 -9.537644982337951660e-01 7.758322358131408691e-02 4.032625257968902588e-02 6.880754977464675903e-02 9.968154430389404297e-01 -8.172769099473953247e-02 -1.409662514925003052e-01 6.372374892234802246e-01
2.000000000000000000e+00 -9.086577296257019043e-01 4.170474708080291748e-01 2.029437571763992310e-02 -4.168174564838409424e-01 -9.088713526725769043e-01 1.470875553786754608e-02 2.457943186163902283e-02 4.905606620013713837e-03 9.996867179870605469e-01 -7.243967801332473755e-02 -1.469889581203460693e-01 6.292536258697509766e-01
2.000000000000000000e+00 -8.777349591255187988e-01 4.784409999847412109e-01 2.597795426845550537e-02 -4.779354333877563477e-01 -8.703771233558654785e-01 -1.184127181768417358e-01 -3.404277935624122620e-02 -1.163514405488967896e-01 9.926254153251647949e-01 -6.297038495540618896e-02 -1.583243459463119507e-01 6.179468035697937012e-01
2.000000000000000000e+00 -8.441026806831359863e-01 5.355526804924011230e-01 2.595062553882598877e-02 -5.247105360031127930e-01 -8.151180744171142578e-01 -2.454818934202194214e-01 -1.103156879544258118e-01 -2.208292335271835327e-01 9.690544605255126953e-01 -5.318880826234817505e-02 -1.635380536317825317e-01 6.108903884887695312e-01
2.000000000000000000e+00 -7.622372508049011230e-01 6.469486951828002930e-01 2.124439924955368042e-02 -6.205629706382751465e-01 -7.210260033607482910e-01 -3.082586228847503662e-01 -1.841099560260772705e-01 -2.481504380702972412e-01 9.510659575462341309e-01 -3.329255431890487671e-02 -1.727579385042190552e-01 6.037364602088928223e-01
2.000000000000000000e+00 -6.630641818046569824e-01 7.483014464378356934e-01 -1.974652893841266632e-02 -6.853650808334350586e-01 -6.174815893173217773e-01 -3.859941661357879639e-01 -3.010334670543670654e-01 -2.424060702323913574e-01 9.222905635833740234e-01 -2.311479672789573669e-02 -1.759170889854431152e-01 5.982514619827270508e-01
2.000000000000000000e+00 -5.501004457473754883e-01 8.350622057914733887e-01 -7.710870355367660522e-03 -7.253112196922302246e-01 -4.823363125324249268e-01 -4.911979734897613525e-01 -4.139007627964019775e-01 -2.646162509918212891e-01 8.710144162178039551e-01 -3.841290250420570374e-03 -1.828986257314682007e-01 5.897735357284545898e-01
2.000000000000000000e+00 -4.436881542205810547e-01 8.957837224006652832e-01 2.666840143501758575e-02 -7.269659042358398438e-01 -3.423495888710021973e-01 -5.952455401420593262e-01 -5.240822434425354004e-01 -2.834912240505218506e-01 8.031016588211059570e-01 1.393186580389738083e-02 -1.884069144725799561e-01 5.866383314132690430e-01
2.000000000000000000e+00 -3.098379969596862793e-01 9.504669904708862305e-01 2.472807839512825012e-02 -7.326918244361877441e-01 -2.221092581748962402e-01 -6.432963609695434570e-01 -6.059406995773315430e-01 -2.174363583326339722e-01 7.652182579040527344e-01 2.318981289863586426e-02 -1.938676089048385620e-01 5.814482569694519043e-01
2.000000000000000000e+00 -2.026863545179367065e-01 9.777067899703979492e-01 5.482888594269752502e-02 -6.780662536621093750e-01 -9.973074495792388916e-02 -7.282032370567321777e-01 -7.065023779869079590e-01 -1.847750693559646606e-01 6.831648945808410645e-01 3.098293207585811615e-02 -1.939859539270401001e-01 5.736669898033142090e-01
