{
  "0": {
    "R": [
      [
        0.9984810948371887,
        -0.04959068074822426,
        0.02400704100728035
      ],
      [
        0.04984127730131149,
        0.99870765209198,
        -0.009950176812708378
      ],
      [
        -0.02348260208964348,
        0.01113152876496315,
        0.9996623992919922
      ]
    ],
    "t": [
      0.05781596526503563,
      0.0026712841354310513,
      0.469294935464859
    ]
  },
  "1": {
    "R": [
      [
        0.9986302256584167,
        -0.04931945726275444,
        0.01747753657400608
      ],
      [
        0.04994441196322441,
        0.9980543255805969,
        -0.03732839971780777
      ],
      [
        -0.015602534636855125,
        0.03815010190010071,
        0.9991503357887268
      ]
    ],
    "t": [
      0.058102309703826904,
      0.0024946716148406267,
      0.4700092375278473
    ]
  },
  "2": {
    "R": [
      [
        0.9982753992080688,
        -0.052181046456098557,
        0.02690400928258896
      ],
      [
        0.05268782377243042,
        0.9984402060508728,
        -0.018479876220226288
      ],
      [
        -0.025897761806845665,
        0.019865453243255615,
        0.9994672536849976
      ]
    ],
    "t": [
      0.05805598944425583,
      0.0024816098157316446,
      0.4700605869293213
    ]
  },
  "3": {
    "R": [
      [
        0.9984567761421204,
        -0.05174562335014343,
        0.020160865038633347
      ],
      [
        0.05238311365246773,
        0.9980987906455994,
        -0.032484959810972214
      ],
      [
        -0.01844160072505474,
        0.0334908589720726,
        0.9992688298225403
      ]
    ],
    "t": [
      0.057592637836933136,
      0.00220538885332644,
      0.4697321057319641
    ]
  },
  "4": {
    "R": [
      [
        0.9984589219093323,
        -0.051861345767974854,
        0.01975283771753311
      ],
      [
        0.052384812384843826,
        0.9982630014419556,
        -0.026969462633132935
      ],
      [
        -0.018319876864552498,
        0.027962587773799896,
        0.9994410276412964
      ]
    ],
    "t": [
      0.05785840377211571,
      0.0023933853954076767,
      0.47007179260253906
    ]
  },
  "5": {
    "R": [
      [
        0.998498797416687,
        -0.05019870400428772,
        0.021918516606092453
      ],
      [
        0.050704244524240494,
        0.9984456896781921,
        -0.023146964609622955
      ],
      [
        -0.020722519606351852,
        0.02422351762652397,
        0.9994916319847107
      ]
    ],
    "t": [
      0.05792719125747681,
      0.0025104244705289602,
      0.4701516330242157
    ]
  },
  "6": {
    "R": [
      [
        0.9985572099685669,
        -0.05119435116648674,
        0.016209477558732033
      ],
      [
        0.05168658867478371,
        0.9981648325920105,
        -0.03155631572008133
      ],
      [
        -0.014564246870577335,
        0.03234853968024254,
        0.9993703961372375
      ]
    ],
    "t": [
      0.058057721704244614,
      0.0021257533226162195,
      0.47004276514053345
    ]
  },
  "7": {
    "R": [
      [
        0.9983686208724976,
        -0.05088097229599953,
        0.025905631482601166
      ],
      [
        0.051536738872528076,
        0.9983507394790649,
        -0.025303563103079796
      ],
      [
        -0.024575453251600266,
        0.02659732475876808,
        0.9993440508842468
      ]
    ],
    "t": [
      0.05881407484412193,
      0.001611961517482996,
      0.4694315791130066
    ]
  },
  "8": {
    "R": [
      [
        0.9984084963798523,
        -0.05029289424419403,
        0.025511648505926132
      ],
      [
        0.051182571798563004,
        0.9980582594871521,
        -0.03550432249903679
      ],
      [
        -0.023676514625549316,
        0.03675351291894913,
        0.9990437626838684
      ]
    ],
    "t": [
      0.060093123465776443,
      0.0014715070137754083,
      0.4685460925102234
    ]
  },
  "9": {
    "R": [
      [
        0.998242199420929,
        -0.05046644061803818,
        0.03107302263379097
      ],
      [
        0.051628228276968,
        0.9979512691497803,
        -0.037792060524225235
      ],
      [
        -0.02910214476287365,
        0.03932981193065643,
        0.9988023042678833
      ]
    ],
    "t": [
      0.06286042928695679,
      0.0013762381859123707,
      0.4659319818019867
    ]
  },
  "10": {
    "R": [
      [
        0.9976463317871094,
        -0.05055408179759979,
        0.04632551968097687
      ],
      [
        0.05250752344727516,
        0.9977385997772217,
        -0.04196534678339958
      ],
      [
        -0.04409924894571304,
        0.044298943132162094,
        0.998044490814209
      ]
    ],
    "t": [
      0.0651199072599411,
      0.0009629682172089815,
      0.4617079794406891
    ]
  },
  "11": {
    "R": [
      [
        0.997249960899353,
        -0.044518183916807175,
        0.05924989655613899
      ],
      [
        0.047597140073776245,
        0.9975326061248779,
        -0.05160844326019287
      ],
      [
        -0.05680620297789574,
        0.05428656190633774,
        0.9969083666801453
      ]
    ],
    "t": [
      0.06856881082057953,
      -0.0005134996026754379,
      0.4553913474082947
    ]
  },
  "12": {
    "R": [
      [
        0.9962688088417053,
        -0.046762168407440186,
        0.0725390687584877
      ],
      [
        0.051063958555459976,
        0.9969732761383057,
        -0.05862598493695259
      ],
      [
        -0.06957805901765823,
        0.06211128458380699,
        0.9956411719322205
      ]
    ],
    "t": [
      0.07315109670162201,
      -0.002772572683170438,
      0.44888484477996826
    ]
  },
  "13": {
    "R": [
      [
        0.9942015409469604,
        -0.042510125786066055,
        0.0987757071852684
      ],
      [
        0.04920545220375061,
        0.9965815544128418,
        -0.06636452674865723
      ],
      [
        -0.0956169068813324,
        0.07083992660045624,
        0.9928944110870361
      ]
    ],
    "t": [
      0.07470846176147461,
      -0.003756624646484852,
      0.4421890079975128
    ]
  },
  "14": {
    "R": [
      [
        0.993145227432251,
        -0.03908355534076691,
        0.11016174405813217
      ],
      [
        0.04727797210216522,
        0.9962267875671387,
        -0.07278096675872803
      ],
      [
        -0.10690158605575562,
        0.0774901956319809,
        0.991245448589325
      ]
    ],
    "t": [
      0.07327964156866074,
      -0.0005503700231201947,
      0.43399327993392944
    ]
  },
  "15": {
    "R": [
      [
        0.9910704493522644,
        -0.03586398437619209,
        0.12842784821987152
      ],
      [
        0.04579467698931694,
        0.9961144328117371,
        -0.07522505521774292
      ],
      [
        -0.12523099780082703,
        0.08043453842401505,
        0.9888617396354675
      ]
    ],
    "t": [
      0.07284924387931824,
      0.0032872711308300495,
      0.42885974049568176
    ]
  },
  "16": {
    "R": [
      [
        0.9883260726928711,
        -0.03555775061249733,
        0.14814656972885132
      ],
      [
        0.0465051606297493,
        0.9963846206665039,
        -0.0710982084274292
      ],
      [
        -0.14508290588855743,
        0.07715772092342377,
        0.9864063858985901
      ]
    ],
    "t": [
      0.07332297414541245,
      0.009881225414574146,
      0.4225224554538727
    ]
  },
  "17": {
    "R": [
      [
        0.9865926504135132,
        -0.03181019797921181,
        0.1600726991891861
      ],
      [
        0.04554152116179466,
        0.995520293712616,
        -0.08285680413246155
      ],
      [
        -0.15671999752521515,
        0.08903579413890839,
        0.98362135887146
      ]
    ],
    "t": [
      0.07712112367153168,
      0.011215711012482643,
      0.4173790216445923
    ]
  },
  "18": {
    "R": [
      [
        0.9831851124763489,
        -0.029350921511650085,
        0.18023748695850372
      ],
      [
        0.045581404119729996,
        0.9952017068862915,
        -0.0865788534283638
      ],
      [
        -0.17683154344558716,
        0.09333844482898712,
        0.979805052280426
      ]
    ],
    "t": [
      0.0797918364405632,
      0.012379745952785015,
      0.4117840528488159
    ]
  },
  "19": {
    "R": [
      [
        0.9780798554420471,
        -0.027750467881560326,
        0.20637266337871552
      ],
      [
        0.046391990035772324,
        0.9952104091644287,
        -0.08604536205530167
      ],
      [
        -0.20299643278121948,
        0.09373317658901215,
        0.9746825695037842
      ]
    ],
    "t": [
      0.08452676236629486,
      0.012545004487037659,
      0.4073146879673004
    ]
  },
  "20": {
    "R": [
      [
        0.9717280268669128,
        -0.02550552412867546,
        0.2347215861082077
      ],
      [
        0.05061647295951843,
        0.9935380816459656,
        -0.10158685594797134
      ],
      [
        -0.2306138277053833,
        0.11059547960758209,
        0.9667397141456604
      ]
    ],
    "t": [
      0.09451837837696075,
      0.01004822552204132,
      0.4036123752593994
    ]
  },
  "21": {
    "R": [
      [
        0.9644554257392883,
        -0.019990108907222748,
        0.26348865032196045
      ],
      [
        0.05114206299185753,
        0.9924017190933228,
        -0.1119057759642601
      ],
      [
        -0.25924962759017944,
        0.12140338867902756,
        0.9581496119499207
      ]
    ],
    "t": [
      0.10078522562980652,
      0.010585615411400795,
      0.39972513914108276
    ]
  },
  "22": {
    "R": [
      [
        0.9614151120185852,
        -0.019401827827095985,
        0.27441686391830444
      ],
      [
        0.051502011716365814,
        0.9925675392150879,
        -0.11025954782962799
      ],
      [
        -0.27023807168006897,
        0.12013813108205795,
        0.9552685618400574
      ]
    ],
    "t": [
      0.10397687554359436,
      0.011002127081155777,
      0.3977770507335663
    ]
  },
  "23": {
    "R": [
      [
        0.9569478034973145,
        -0.01113357674330473,
        0.2900460958480835
      ],
      [
        0.049409717321395874,
        0.990928053855896,
        -0.12497960031032562
      ],
      [
        -0.2860233783721924,
        0.13392996788024902,
        0.9488167762756348
      ]
    ],
    "t": [
      0.10555470734834671,
      0.009991858154535294,
      0.3937086760997772
    ]
  },
  "24": {
    "R": [
      [
        0.9518927335739136,
        -0.008443986997008324,
        0.3063148260116577
      ],
      [
        0.049247998744249344,
        0.9908414483070374,
        -0.12572702765464783
      ],
      [
        -0.3024478554725647,
        0.1347639560699463,
        0.9435909986495972
      ]
    ],
    "t": [
      0.10342061519622803,
      0.0055436622351408005,
      0.3895757794380188
    ]
  },
  "25": {
    "R": [
      [
        0.9482163190841675,
        -0.006623797118663788,
        0.31755614280700684
      ],
      [
        0.04901288449764252,
        0.9908586144447327,
        -0.12568315863609314
      ],
      [
        -0.31382086873054504,
        0.13473907113075256,
        0.9398733377456665
      ]
    ],
    "t": [
      0.10064779222011566,
      0.005019667092710733,
      0.38601797819137573
    ]
  },
  "26": {
    "R": [
      [
        0.9428669214248657,
        -0.002681066282093525,
        0.3331584334373474
      ],
      [
        0.04906429722905159,
        0.9901819825172424,
        -0.13088743388652802
      ],
      [
        -0.3295367360115051,
        0.1397555023431778,
        0.9337419867515564
      ]
    ],
    "t": [
      0.10018451511859894,
      0.005242072977125645,
      0.38276442885398865
    ]
  },
  "27": {
    "R": [
      [
        0.9340331554412842,
        -0.002058284357190132,
        0.35718008875846863
      ],
      [
        0.05308961495757103,
        0.9896756410598755,
        -0.13312704861164093
      ],
      [
        -0.35321861505508423,
        0.14330750703811646,
        0.9244998097419739
      ]
    ],
    "t": [
      0.10490699112415314,
      0.005048723425716162,
      0.38028427958488464
    ]
  },
  "28": {
    "R": [
      [
        0.920706570148468,
        0.001948971999809146,
        0.3902503252029419
      ],
      [
        0.06068263202905655,
        0.9871090054512024,
        -0.14809635281562805
      ],
      [
        -0.3855085074901581,
        0.16003459692001343,
        0.9087202548980713
      ]
    ],
    "t": [
      0.11435462534427643,
      0.005588858854025602,
      0.376196026802063
    ]
  },
  "29": {
    "R": [
      [
        0.9031896591186523,
        0.0008698158198967576,
        0.4292403757572174
      ],
      [
        0.06720941513776779,
        0.9873766899108887,
        -0.14341983199119568
      ],
      [
        -0.4239470362663269,
        0.15838421881198883,
        0.8917308449745178
      ]
    ],
    "t": [
      0.12346827983856201,
      0.00985261145979166,
      0.37099307775497437
    ]
  },
  "30": {
    "R": [
      [
        0.8905844688415527,
        -0.0006951475515961647,
        0.4548170268535614
      ],
      [
        0.06867919862270355,
        0.9887370467185974,
        -0.13297039270401
      ],
      [
        -0.4496023952960968,
        0.149657741189003,
        0.8806025385856628
      ]
    ],
    "t": [
      0.1313721239566803,
      0.014454501681029797,
      0.36713531613349915
    ]
  },
  "31": {
    "R": [
      [
        0.8714132308959961,
        0.005301387049257755,
        0.49052053689956665
      ],
      [
        0.0657859817147255,
        0.9896455407142639,
        -0.12756478786468506
      ],
      [
        -0.4861181676387787,
        0.14343096315860748,
        0.8620423674583435
      ]
    ],
    "t": [
      0.1362764835357666,
      0.017798135057091713,
      0.36262059211730957
    ]
  },
  "32": {
    "R": [
      [
        0.8643345832824707,
        0.009247466921806335,
        0.5028316378593445
      ],
      [
        0.0633302852511406,
        0.9898699522018433,
        -0.12706486880779266
      ],
      [
        -0.4989134669303894,
        0.14167100191116333,
        0.8549941778182983
      ]
    ],
    "t": [
      0.1383284032344818,
      0.019293926656246185,
      0.3603537082672119
    ]
  },
  "33": {
    "R": [
      [
        0.8484324812889099,
        0.03171924501657486,
        0.5283518433570862
      ],
      [
        0.06318207085132599,
        0.9849961996078491,
        -0.160591721534729
      ],
      [
        -0.5255187749862671,
        0.16963359713554382,
        0.8336992859840393
      ]
    ],
    "t": [
      0.13881124556064606,
      0.020085392519831657,
      0.35344645380973816
    ]
  },
  "34": {
    "R": [
      [
        0.828459620475769,
        0.030168676748871803,
        0.5592353343963623
      ],
      [
        0.06035854294896126,
        0.987921953201294,
        -0.14271055161952972
      ],
      [
        -0.5567865967750549,
        0.15198452770709991,
        0.816632866859436
      ]
    ],
    "t": [
      0.1411961168050766,
      0.021551581099629402,
      0.3487015664577484
    ]
  },
  "35": {
    "R": [
      [
        0.8083450198173523,
        0.0324496366083622,
        0.5878137946128845
      ],
      [
        0.06577224284410477,
        0.9872503280639648,
        -0.14494803547859192
      ],
      [
        -0.5850234031677246,
        0.15582983195781708,
        0.7959049940109253
      ]
    ],
    "t": [
      0.14531221985816956,
      0.02343803644180298,
      0.34505122900009155
    ]
  },
  "36": {
    "R": [
      [
        0.7920162081718445,
        0.02186286821961403,
        0.6101084351539612
      ],
      [
        0.07844702154397964,
        0.9874290227890015,
        -0.13722021877765656
      ],
      [
        -0.6054391860961914,
        0.15654180943965912,
        0.7803449630737305
      ]
    ],
    "t": [
      0.15077535808086395,
      0.023094182834029198,
      0.34093984961509705
    ]
  },
  "37": {
    "R": [
      [
        0.7765226364135742,
        0.016643935814499855,
        0.6298692226409912
      ],
      [
        0.08661802113056183,
        0.9873402118682861,
        -0.13287511467933655
      ],
      [
        -0.6241072416305542,
        0.1577385812997818,
        0.7652507424354553
      ]
    ],
    "t": [
      0.15112809836864471,
      0.02371389791369438,
      0.33803942799568176
    ]
  },
  "38": {
    "R": [
      [
        0.7637295722961426,
        0.021208446472883224,
        0.6451875567436218
      ],
      [
        0.09259574115276337,
        0.9855251312255859,
        -0.14200429618358612
      ],
      [
        -0.6388607621192932,
        0.1681945025920868,
        0.7507112622261047
      ]
    ],
    "t": [
      0.1500549614429474,
      0.02501572296023369,
      0.3352646827697754
    ]
  },
  "39": {
    "R": [
      [
        0.7479309439659119,
        0.023012924939393997,
        0.6633771657943726
      ],
      [
        0.0990358367562294,
        0.9843431115150452,
        -0.14580613374710083
      ],
      [
        -0.6563467383384705,
        0.17475104331970215,
        0.7339420914649963
      ]
    ],
    "t": [
      0.14923781156539917,
      0.025593094527721405,
      0.33225661516189575
    ]
  },
  "40": {
    "R": [
      [
        0.7367139458656311,
        0.027158722281455994,
        0.6756585836410522
      ],
      [
        0.10345550626516342,
        0.9829022884368896,
        -0.15231263637542725
      ],
      [
        -0.668243408203125,
        0.1821114867925644,
        0.7213086485862732
      ]
    ],
    "t": [
      0.14944806694984436,
      0.02639245055615902,
      0.3300477862358093
    ]
  },
  "41": {
    "R": [
      [
        0.7221853733062744,
        0.03678236901760101,
        0.6907205581665039
      ],
      [
        0.11174700409173965,
        0.9792628884315491,
        -0.16898518800735474
      ],
      [
        -0.6826131939888,
        0.19922466576099396,
        0.7030995488166809
      ]
    ],
    "t": [
      0.14823414385318756,
      0.024826670065522194,
      0.3270033597946167
    ]
  },
  "42": {
    "R": [
      [
        0.7113924026489258,
        0.03001241944730282,
        0.7021535038948059
      ],
      [
        0.12931035459041595,
        0.9764406085014343,
        -0.17274798452854156
      ],
      [
        -0.6907962560653687,
        0.21368743479251862,
        0.6907519102096558
      ]
    ],
    "t": [
      0.1485769897699356,
      0.02242312580347061,
      0.3249496519565582
    ]
  },
  "43": {
    "R": [
      [
        0.7142555117607117,
        0.031683359295129776,
        0.6991670727729797
      ],
      [
        0.13744598627090454,
        0.9731716513633728,
        -0.1845119446516037
      ],
      [
        -0.6862561106681824,
        0.22788648307323456,
        0.6907387971878052
      ]
    ],
    "t": [
      0.14416292309761047,
      0.01962861977517605,
      0.32358643412590027
    ]
  },
  "44": {
    "R": [
      [
        0.7163505554199219,
        0.03150709718465805,
        0.697028398513794
      ],
      [
        0.1391243040561676,
        0.9724699854850769,
        -0.18693818151950836
      ],
      [
        -0.6837297677993774,
        0.23088693618774414,
        0.6922460794448853
      ]
    ],
    "t": [
      0.138558030128479,
      0.01843401789665222,
      0.32260769605636597
    ]
  },
  "45": {
    "R": [
      [
        0.7192710638046265,
        0.02943209931254387,
        0.694105327129364
      ],
      [
        0.13811714947223663,
        0.9731006026268005,
        -0.1843867301940918
      ],
      [
        -0.68086177110672,
        0.22849199175834656,
        0.6958580017089844
      ]
    ],
    "t": [
      0.13286744058132172,
      0.016609424725174904,
      0.32234734296798706
    ]
  },
  "46": {
    "R": [
      [
        0.7281758785247803,
        0.02401987835764885,
        0.6849687695503235
      ],
      [
        0.14914649724960327,
        0.9698832631111145,
        -0.19256514310836792
      ],
      [
        -0.6689659357070923,
        0.24238206446170807,
        0.7026631832122803
      ]
    ],
    "t": [
      0.12512901425361633,
      0.014581020921468735,
      0.321399062871933
    ]
  },
  "47": {
    "R": [
      [
        0.7400907278060913,
        0.02225145511329174,
        0.6721384525299072
      ],
      [
        0.15130844712257385,
        0.968317449092865,
        -0.19866174459457397
      ],
      [
        -0.655264675617218,
        0.24872799217700958,
        0.7132759690284729
      ]
    ],
    "t": [
      0.11710689216852188,
      0.014746720902621746,
      0.32079243659973145
    ]
  },
  "48": {
    "R": [
      [
        0.7599866390228271,
        0.03408419340848923,
        0.6490437984466553
      ],
      [
        0.14922542870044708,
        0.962794840335846,
        -0.22529321908950806
      ],
      [
        -0.6325757503509521,
        0.26807376742362976,
        0.7266251444816589
      ]
    ],
    "t": [
      0.1073755994439125,
      0.015036452561616898,
      0.3201678693294525
    ]
  },
  "49": {
    "R": [
      [
        0.7726428508758545,
        0.03751540184020996,
        0.6337310671806335
      ],
      [
        0.1483970731496811,
        0.9599231481552124,
        -0.23775002360343933
      ],
      [
        -0.6172532439231873,
        0.2777397632598877,
        0.7361105680465698
      ]
    ],
    "t": [
      0.10476354509592056,
      0.015736840665340424,
      0.31989970803260803
    ]
  },
  "50": {
    "R": [
      [
        0.7957561016082764,
        0.041565123945474625,
        0.6041886806488037
      ],
      [
        0.15109024941921234,
        0.9524703621864319,
        -0.264520525932312
      ],
      [
        -0.5864673852920532,
        0.30178093910217285,
        0.7516540288925171
      ]
    ],
    "t": [
      0.09628700464963913,
      0.017599832266569138,
      0.31931570172309875
    ]
  },
  "51": {
    "R": [
      [
        0.8166381120681763,
        0.0314837209880352,
        0.5762899518013
      ],
      [
        0.16212202608585358,
        0.9457936882972717,
        -0.28140681982040405
      ],
      [
        -0.5539120435714722,
        0.32323694229125977,
        0.7672672271728516
      ]
    ],
    "t": [
      0.0864143893122673,
      0.021623043343424797,
      0.31714409589767456
    ]
  },
  "52": {
    "R": [
      [
        0.8200885653495789,
        0.015096266753971577,
        0.572036623954773
      ],
      [
        0.17597347497940063,
        0.944557249546051,
        -0.277207612991333
      ],
      [
        -0.5445071458816528,
        0.3279982805252075,
        0.7719641923904419
      ]
    ],
    "t": [
      0.08497164398431778,
      0.025783443823456764,
      0.3170677721500397
    ]
  },
  "53": {
    "R": [
      [
        0.823188841342926,
        0.018857482820749283,
        0.5674536824226379
      ],
      [
        0.1722215861082077,
        0.9440656900405884,
        -0.2812095284461975
      ],
      [
        -0.5410175919532776,
        0.32921653985977173,
        0.7738968729972839
      ]
    ],
    "t": [
      0.08622220903635025,
      0.02934034913778305,
      0.31406810879707336
    ]
  },
  "54": {
    "R": [
      [
        0.8247318267822266,
        0.020987845957279205,
        0.5651337504386902
      ],
      [
        0.1795998364686966,
        0.937856912612915,
        -0.2969299852848053
      ],
      [
        -0.5362474918365479,
        0.3463856875896454,
        0.7697112560272217
      ]
    ],
    "t": [
      0.08769617229700089,
      0.0334969162940979,
      0.31322407722473145
    ]
  },
  "55": {
    "R": [
      [
        0.8311349749565125,
        0.02179328165948391,
        0.5556427240371704
      ],
      [
        0.18337705731391907,
        0.9325926899909973,
        -0.3108745813369751
      ],
      [
        -0.5249642729759216,
        0.36027103662490845,
        0.7711140513420105
      ]
    ],
    "t": [
      0.08781005442142487,
      0.03618879243731499,
      0.31251078844070435
    ]
  },
  "56": {
    "R": [
      [
        0.8306562304496765,
        0.023445548489689827,
        0.5562909245491028
      ],
      [
        0.19319018721580505,
        0.9249060153961182,
        -0.32745352387428284
      ],
      [
        -0.522195041179657,
        0.37947145104408264,
        0.7637494802474976
      ]
    ],
    "t": [
      0.09085921943187714,
      0.04432122781872749,
      0.3126315176486969
    ]
  },
  "57": {
    "R": [
      [
        0.8358945250511169,
        0.01423762459307909,
        0.5487043261528015
      ],
      [
        0.1955302357673645,
        0.9263602495193481,
        -0.3219069242477417
      ],
      [
        -0.512881875038147,
        0.37636879086494446,
        0.7715556025505066
      ]
    ],
    "t": [
      0.09047800302505493,
      0.048580966889858246,
      0.3121192157268524
    ]
  },
  "58": {
    "R": [
      [
        0.8480822443962097,
        0.015605906955897808,
        0.529633641242981
      ],
      [
        0.19755788147449493,
        0.9181772470474243,
        -0.3433963358402252
      ],
      [
        -0.49165719747543335,
        0.395861953496933,
        0.7756068110466003
      ]
    ],
    "t": [
      0.08760883659124374,
      0.051878269761800766,
      0.31142422556877136
    ]
  },
  "59": {
    "R": [
      [
        0.856235146522522,
        0.009640947915613651,
        0.5164951682090759
      ],
      [
        0.1994236707687378,
        0.9161514639854431,
        -0.3477012813091278
      ],
      [
        -0.47654059529304504,
        0.400715708732605,
        0.7825185656547546
      ]
    ],
    "t": [
      0.08438748121261597,
      0.055888429284095764,
      0.3102032542228699
    ]
  },
  "60": {
    "R": [
      [
        0.8658943176269531,
        0.007643436081707478,
        0.5001672506332397
      ],
      [
        0.2015814632177353,
        0.9097695350646973,
        -0.3628825545310974
      ],
      [
        -0.457811176776886,
        0.4150427281856537,
        0.7862237691879272
      ]
    ],
    "t": [
      0.08207321912050247,
      0.05958894267678261,
      0.3103492259979248
    ]
  },
  "61": {
    "R": [
      [
        0.8699980974197388,
        0.009651347994804382,
        0.49295926094055176
      ],
      [
        0.20467761158943176,
        0.9025217294692993,
        -0.3788946866989136
      ],
      [
        -0.44856390357017517,
        0.43053576350212097,
        0.7832169532775879
      ]
    ],
    "t": [
      0.07974493503570557,
      0.06199796125292778,
      0.3097623586654663
    ]
  },
  "62": {
    "R": [
      [
        0.8786472082138062,
        0.005386284086853266,
        0.47743991017341614
      ],
      [
        0.20933325588703156,
        0.8943666815757751,
        -0.39533206820487976
      ],
      [
        -0.4291363060474396,
        0.4473017752170563,
        0.7847053408622742
      ]
    ],
    "t": [
      0.07604323327541351,
      0.06310272961854935,
      0.308011531829834
    ]
  },
  "63": {
    "R": [
      [
        0.8842098712921143,
        0.0066993702203035355,
        0.467040479183197
      ],
      [
        0.21442949771881104,
        0.8824832439422607,
        -0.4186204671859741
      ],
      [
        -0.4149603843688965,
        0.47029587626457214,
        0.7788638472557068
      ]
    ],
    "t": [
      0.07252338528633118,
      0.06183018535375595,
      0.30616772174835205
    ]
  },
  "64": {
    "R": [
      [
        0.8871437907218933,
        0.02119397558271885,
        0.4610048532485962
      ],
      [
        0.21400709450244904,
        0.8661491870880127,
        -0.45164844393730164
      ],
      [
        -0.4088716506958008,
        0.4993356764316559,
        0.763863205909729
      ]
    ],
    "t": [
      0.06931012868881226,
      0.06006881594657898,
      0.30324655771255493
    ]
  },
  "65": {
    "R": [
      [
        0.886841893196106,
        0.0284890066832304,
        0.46119260787963867
      ],
      [
        0.21112015843391418,
        0.862843930721283,
        -0.4592694938182831
      ],
      [
        -0.41102179884910583,
        0.5046666264533997,
        0.7591915726661682
      ]
    ],
    "t": [
      0.06853815913200378,
      0.057941220700740814,
      0.2999032735824585
    ]
  },
  "66": {
    "R": [
      [
        0.8872982859611511,
        0.03652547299861908,
        0.4597459137439728
      ],
      [
        0.20465244352817535,
        0.8621558547019958,
        -0.4634697735309601
      ],
      [
        -0.41330158710479736,
        0.5053241848945618,
        0.7575145959854126
      ]
    ],
    "t": [
      0.06760311126708984,
      0.05718954652547836,
      0.2983204424381256
    ]
  },
  "67": {
    "R": [
      [
        0.8792073726654053,
        0.05720225349068642,
        0.47299128770828247
      ],
      [
        0.2037532478570938,
        0.8522574305534363,
        -0.4818107783794403
      ],
      [
        -0.43067145347595215,
        0.5199853181838989,
        0.7376559972763062
      ]
    ],
    "t": [
      0.06964879482984543,
      0.05634189024567604,
      0.294487863779068
    ]
  },
  "68": {
    "R": [
      [
        0.8728123903274536,
        0.06924889236688614,
        0.4831164479255676
      ],
      [
        0.2006170004606247,
        0.851482093334198,
        -0.4844900369644165
      ],
      [
        -0.44491589069366455,
        0.5197904706001282,
        0.7292917966842651
      ]
    ],
    "t": [
      0.06880078464746475,
      0.05909029766917229,
      0.292889803647995
    ]
  },
  "69": {
    "R": [
      [
        0.8682653903961182,
        0.07695972919464111,
        0.49009278416633606
      ],
      [
        0.20300497114658356,
        0.8462802767753601,
        -0.49254268407821655
      ],
      [
        -0.45266222953796387,
        0.5271490812301636,
        0.7191727757453918
      ]
    ],
    "t": [
      0.06912551820278168,
      0.060521967709064484,
      0.2924262583255768
    ]
  },
  "70": {
    "R": [
      [
        0.8572391271591187,
        0.085426464676857,
        0.5077813863754272
      ],
      [
        0.2005406618118286,
        0.852889895439148,
        -0.48203933238983154
      ],
      [
        -0.47426095604896545,
        0.5150537490844727,
        0.7139992117881775
      ]
    ],
    "t": [
      0.06882882863283157,
      0.06423359364271164,
      0.29068461060523987
    ]
  },
  "71": {
    "R": [
      [
        0.8398778438568115,
        0.0934077724814415,
        0.5346763134002686
      ],
      [
        0.20556190609931946,
        0.8569616675376892,
        -0.47261062264442444
      ],
      [
        -0.5023430585861206,
        0.5068442821502686,
        0.7005419731140137
      ]
    ],
    "t": [
      0.06955702602863312,
      0.06784509867429733,
      0.29024162888526917
    ]
  },
  "72": {
    "R": [
      [
        0.8223546743392944,
        0.08850836008787155,
        0.5620476007461548
      ],
      [
        0.22103092074394226,
        0.8605480194091797,
        -0.4589139521121979
      ],
      [
        -0.524287223815918,
        0.5016199946403503,
        0.6881126761436462
      ]
    ],
    "t": [
      0.07049713283777237,
      0.07079240679740906,
      0.289010614156723
    ]
  },
  "73": {
    "R": [
      [
        0.8087213039398193,
        0.08359913527965546,
        0.5822193622589111
      ],
      [
        0.23193086683750153,
        0.864323616027832,
        -0.4462650716304779
      ],
      [
        -0.540533721446991,
        0.4959389269351959,
        0.6796077489852905
      ]
    ],
    "t": [
      0.06939110159873962,
      0.07470044493675232,
      0.2882509231567383
    ]
  },
  "74": {
    "R": [
      [
        0.7884687781333923,
        0.08045300841331482,
        0.6097890734672546
      ],
      [
        0.23698005080223083,
        0.8751322627067566,
        -0.4218808710575104
      ],
      [
        -0.567588210105896,
        0.4771479070186615,
        0.6709487438201904
      ]
    ],
    "t": [
      0.06902371346950531,
      0.07781090587377548,
      0.2878168821334839
    ]
  },
  "75": {
    "R": [
      [
        0.7707998752593994,
        0.06892678886651993,
        0.6333364844322205
      ],
      [
        0.2463894784450531,
        0.8845181465148926,
        -0.3961304724216461
      ],
      [
        -0.587502121925354,
        0.461385041475296,
        0.6648035645484924
      ]
    ],
    "t": [
      0.06928128004074097,
      0.0807381272315979,
      0.2887071371078491
    ]
  },
  "76": {
    "R": [
      [
        0.7476245164871216,
        0.04591018334031105,
        0.6625317931175232
      ],
      [
        0.2609620690345764,
        0.8970539569854736,
        -0.3566402494907379
      ],
      [
        -0.6107008457183838,
        0.4395288825035095,
        0.6586785912513733
      ]
    ],
    "t": [
      0.07067547738552094,
      0.08305297046899796,
      0.2898648977279663
    ]
  },
  "77": {
    "R": [
      [
        0.727505624294281,
        0.036827366799116135,
        0.6851116418838501
      ],
      [
        0.26482874155044556,
        0.9060994386672974,
        -0.32992231845855713
      ],
      [
        -0.6329301595687866,
        0.42145779728889465,
        0.6494394540786743
      ]
    ],
    "t": [
      0.07360263913869858,
      0.08442877978086472,
      0.29107430577278137
    ]
  },
  "78": {
    "R": [
      [
        0.7075704336166382,
        0.029224522411823273,
        0.7060372233390808
      ],
      [
        0.26927945017814636,
        0.912604033946991,
        -0.3076390326023102
      ],
      [
        -0.653323769569397,
        0.40779784321784973,
        0.637861967086792
      ]
    ],
    "t": [
      0.0757053941488266,
      0.0839521512389183,
      0.2907547652721405
    ]
  },
  "79": {
    "R": [
      [
        0.6823891997337341,
        0.022156553342938423,
        0.7306522727012634
      ],
      [
        0.2808704078197479,
        0.914864182472229,
        -0.2900603115558624
      ],
      [
        -0.6748747825622559,
        0.4031528830528259,
        0.6180701851844788
      ]
    ],
    "t": [
      0.07797924429178238,
      0.08307594060897827,
      0.2921593487262726
    ]
  },
  "80": {
    "R": [
      [
        0.6767057776451111,
        0.018097277730703354,
        0.7360301613807678
      ],
      [
        0.28287437558174133,
        0.9165765643119812,
        -0.282611221075058
      ],
      [
        -0.6797428727149963,
        0.39944902062416077,
        0.6151333451271057
      ]
    ],
    "t": [
      0.07908131182193756,
      0.0823771134018898,
      0.29264703392982483
    ]
  },
  "81": {
    "R": [
      [
        0.6634781956672668,
        0.01954086311161518,
        0.7479393482208252
      ],
      [
        0.28207793831825256,
        0.9193597435951233,
        -0.2742438018321991
      ],
      [
        -0.6929846405982971,
        0.39293229579925537,
        0.6044629812240601
      ]
    ],
    "t": [
      0.07663418352603912,
      0.08080121129751205,
      0.29276174306869507
    ]
  },
  "82": {
    "R": [
      [
        0.6474096179008484,
        0.019229846075177193,
        0.7618986964225769
      ],
      [
        0.292295902967453,
        0.9169741272926331,
        -0.2715170383453369
      ],
      [
        -0.7038630843162537,
        0.3984828293323517,
        0.5880367755889893
      ]
    ],
    "t": [
      0.07495327293872833,
      0.07623444497585297,
      0.29404065012931824
    ]
  },
  "83": {
    "R": [
      [
        0.6389657855033875,
        0.021304890513420105,
        0.768939197063446
      ],
      [
        0.2876189351081848,
        0.9204950332641602,
        -0.26450690627098083
      ],
      [
        -0.7134407162666321,
        0.39017254114151,
        0.5820368528366089
      ]
    ],
    "t": [
      0.07354516535997391,
      0.07160047441720963,
      0.29537510871887207
    ]
  },
  "84": {
    "R": [
      [
        0.6338654160499573,
        0.027893776074051857,
        0.7729394435882568
      ],
      [
        0.2904990315437317,
        0.9175960421562195,
        -0.27134403586387634
      ],
      [
        -0.7168154716491699,
        0.3965339958667755,
        0.5735290050506592
      ]
    ],
    "t": [
      0.07318466901779175,
      0.06749848276376724,
      0.296224445104599
    ]
  },
  "85": {
    "R": [
      [
        0.61724454164505,
        0.03248269855976105,
        0.7860997319221497
      ],
      [
        0.2973383367061615,
        0.9154170751571655,
        -0.2712959349155426
      ],
      [
        -0.7284219861030579,
        0.401193767786026,
        0.5553774237632751
      ]
    ],
    "t": [
      0.07386954873800278,
      0.0628361701965332,
      0.2992681860923767
    ]
  },
  "86": {
    "R": [
      [
        0.5974000692367554,
        0.01958952657878399,
        0.8017032742500305
      ],
      [
        0.30235010385513306,
        0.9204261302947998,
        -0.24779076874256134
      ],
      [
        -0.7427632808685303,
        0.39042556285858154,
        0.5439392924308777
      ]
    ],
    "t": [
      0.07554566860198975,
      0.05905229225754738,
      0.30195945501327515
    ]
  },
  "87": {
    "R": [
      [
        0.5819451808929443,
        0.01655232533812523,
        0.8130587935447693
      ],
      [
        0.30228567123413086,
        0.9237534403800964,
        -0.23516619205474854
      ],
      [
        -0.7549588680267334,
        0.3826300799846649,
        0.5325697660446167
      ]
    ],
    "t": [
      0.07427036017179489,
      0.05499263480305672,
      0.30314064025878906
    ]
  },
  "88": {
    "R": [
      [
        0.5824506282806396,
        0.023408489301800728,
        0.812528133392334
      ],
      [
        0.29439300298690796,
        0.9256520867347717,
        -0.2376995086669922
      ],
      [
        -0.7576830983161926,
        0.37765106558799744,
        0.5322549343109131
      ]
    ],
    "t": [
      0.0716300904750824,
      0.052332136780023575,
      0.30617791414260864
    ]
  },
  "89": {
    "R": [
      [
        0.5909150838851929,
        0.03188691288232803,
        0.806102454662323
      ],
      [
        0.27780982851982117,
        0.930059552192688,
        -0.240439310669899
      ],
      [
        -0.7573907971382141,
        0.36602267622947693,
        0.5407273769378662
      ]
    ],
    "t": [
      0.06498079001903534,
      0.04923296719789505,
      0.30846381187438965
    ]
  },
  "90": {
    "R": [
      [
        0.6085580587387085,
        0.03919335827231407,
        0.7925398945808411
      ],
      [
        0.26206064224243164,
        0.9328126311302185,
        -0.24735552072525024
      ],
      [
        -0.7489867210388184,
        0.358224093914032,
        0.5573992729187012
      ]
    ],
    "t": [
      0.05494820699095726,
      0.04722435772418976,
      0.3096697926521301
    ]
  },
  "91": {
    "R": [
      [
        0.6295185685157776,
        0.0391404815018177,
        0.7759981155395508
      ],
      [
        0.24453380703926086,
        0.9379986524581909,
        -0.24568644165992737
      ],
      [
        -0.7375022172927856,
        0.34442225098609924,
        0.5809159874916077
      ]
    ],
    "t": [
      0.04447132721543312,
      0.04359712451696396,
      0.3094779849052429
    ]
  },
