0.23215775 -0.38475400 0.89334649 0.82474637 -0.40903232 -0.39049533 0.51565200 0.82744020 0.22236413 58.81934357 -39.21540070 730.96343994
0.23268725 -0.38409159 0.89349353 0.82453519 -0.40928984 -0.39067197 0.51575106 0.82762063 0.22146016 58.57037354 -38.63125229 730.42596436
0.23445146 -0.38179189 0.89401764 0.82595146 -0.40676752 -0.39031252 0.51267552 0.82992458 0.21997450 58.12062073 -37.84695816 729.10089111
0.23634365 -0.37976632 0.89438248 0.82699716 -0.40461260 -0.39034000 0.51011610 0.83190554 0.21843792 57.50083542 -37.03555298 727.81677246
0.23659918 -0.37639225 0.89573920 0.82775199 -0.40466315 -0.38868216 0.50877023 0.83341211 0.21581697 56.73641968 -36.25263977 726.46569824
0.23791017 -0.37230003 0.89710200 0.82876426 -0.40383843 -0.38738126 0.50650632 0.83564800 0.21247213 55.87182617 -35.57369232 725.04705811
0.23955785 -0.36772367 0.89854950 0.82947242 -0.40346378 -0.38625532 0.50456738 0.83785260 0.20836350 54.98138428 -34.96845627 723.19049072
0.24074958 -0.36451009 0.89954013 0.83003974 -0.40304643 -0.38547048 0.50306398 0.83945584 0.20552436 54.22101212 -34.44718933 721.75097656
0.24196656 -0.36013779 0.90097344 0.82979286 -0.40445960 -0.38452095 0.50288796 0.84066230 0.20097415 53.58361435 -33.92656326 719.99890137
0.24437590 -0.35488755 0.90240550 0.82955629 -0.40537465 -0.38406876 0.50211340 0.84245294 0.19533552 53.04106903 -33.37579346 717.94445801
0.24599370 -0.34951103 0.90406239 0.83003187 -0.40569934 -0.38269413 0.50053346 0.84454143 0.19030611 52.54860687 -32.95189285 716.30541992
0.24718057 -0.34331304 0.90611196 0.83099061 -0.40584230 -0.38045537 0.49835342 0.84701169 0.18497361 51.94826889 -32.83912659 714.69335938
0.24816632 -0.33720741 0.90813261 0.83043081 -0.40864864 -0.37867144 0.49879766 0.84811437 0.17861442 51.25529861 -32.89299774 712.87261963
0.24909526 -0.33081847 0.91022605 0.82991064 -0.41153112 -0.37668481 0.49920020 0.84923631 0.17203882 50.50405502 -32.98817062 711.11285400
0.25012028 -0.32358894 0.91254061 0.82960856 -0.41430330 -0.37430218 0.49918866 0.85067183 0.16482660 49.77711868 -33.19247818 709.35681152
0.25170040 -0.31534022 0.91499054 0.82947588 -0.41679820 -0.37182027 0.49861598 0.85254920 0.15665887 49.00379562 -33.46002579 707.46643066
0.25257802 -0.30758318 0.91738611 0.82826972 -0.42138776 -0.36932597 0.50017363 0.85312682 0.14832856 48.02396774 -33.64460754 705.94732666
0.25310856 -0.30019790 0.91968322 0.82557869 -0.42855549 -0.36709681 0.50433695 0.85218662 0.13936564 46.66709900 -33.53112793 704.54602051
0.25281763 -0.29344675 0.92193913 0.82242382 -0.43672872 -0.36453599 0.50960928 0.85038602 0.13092515 44.77393341 -33.14734650 703.67840576
0.25631538 -0.29922080 0.91911364 0.82004899 -0.43605083 -0.37064695 0.51168537 0.84872055 0.13360925 42.65472412 -32.93857956 703.00909424
0.25058857 -0.30433866 0.91901249 0.82398498 -0.43127131 -0.36749652 0.50818706 0.84934270 0.14269933 39.86145020 -32.02768707 702.65393066
0.23587656 -0.31013069 0.92096686 0.82324070 -0.43980533 -0.35894981 0.51636750 0.84284633 0.15157270 36.66217422 -30.39855385 702.66625977
0.22531614 -0.31231216 0.92287254 0.82069558 -0.44964188 -0.35253474 0.52506298 0.83682925 0.15500173 33.20490646 -28.54570580 702.96588135
0.21402936 -0.30927598 0.92657423 0.81573325 -0.46523175 -0.34371337 0.53737408 0.82940203 0.15271331 29.36947632 -26.54035568 703.77587891
0.22046946 -0.29740167 0.92894882 0.83035123 -0.44247192 -0.33872592 0.51177138 0.84603244 0.14939630 25.65675163 -24.90901566 699.75927734
0.21751051 -0.28618583 0.93315953 0.83861864 -0.43437481 -0.32869014 0.49940765 0.85405856 0.14551964 21.42970467 -22.99041176 696.25183105
0.21915518 -0.27058980 0.93741757 0.84471047 -0.42821336 -0.32108742 0.48829788 0.86221474 0.13472487 16.77584648 -21.05623055 693.00793457
0.22295517 -0.26171976 0.93903863 0.85909438 -0.40249717 -0.31615397 0.46070397 0.87721086 0.13510305 12.33657265 -19.27364159 688.64721680
0.21629684 -0.26877341 0.93860352 0.87105936 -0.38110477 -0.30986273 0.44098920 0.88460165 0.15168568 7.91653013 -16.80810165 683.91052246
0.21077706 -0.28228891 0.93588787 0.88315129 -0.35544318 -0.30611080 0.41906637 0.89105153 0.17438480 3.18570542 -14.28950596 679.45635986
0.20546846 -0.30443764 0.93010771 0.89487410 -0.32631865 -0.30449393 0.39621100 0.89489323 0.20538530 -2.07475090 -11.95339108 674.51690674
0.19968994 -0.33605543 0.92042941 0.90066653 -0.30700102 -0.30749035 0.38590667 0.89040279 0.24136887 -7.84895897 -9.73168564 668.72430420
0.19699290 -0.36129791 0.91140401 0.90441805 -0.29187411 -0.31118706 0.37844661 0.88559216 0.26926735 -14.47401142 -7.62669468 662.50842285
0.19224645 -0.36745369 0.90995514 0.91497713 -0.26809320 -0.30156773 0.35476500 0.89056367 0.28467178 -21.12016678 -5.85236645 655.55297852
0.18894581 -0.37373763 0.90808558 0.92379057 -0.24596807 -0.29344568 0.33303174 0.89432627 0.29878074 -27.55587769 -3.93806648 648.91424561
0.18686981 -0.38026905 0.90580088 0.93151259 -0.22427772 -0.28632960 0.31203327 0.89727098 0.31231430 -33.74607468 -2.01172185 642.48162842
0.18202867 -0.39324564 0.90123403 0.93490535 -0.21476245 -0.28253949 0.30465889 0.89399940 0.32855451 -39.70895004 0.14301261 636.18579102
0.17823650 -0.39158836 0.90271246 0.94212240 -0.19683731 -0.27140406 0.28396633 0.89884007 0.33384022 -45.98570633 1.94973838 629.92108154
0.17827307 -0.38944012 0.90363425 0.94415313 -0.19092847 -0.26855209 0.27711472 0.90104532 0.33365399 -51.24499130 3.71877098 623.51062012
0.17639636 -0.37417018 0.91042894 0.94842958 -0.18287465 -0.25891745 0.26337352 0.90914994 0.32261571 -56.59769058 4.95917845 620.37805176
0.18005642 -0.35980862 0.91548729 0.94990784 -0.17809206 -0.25682089 0.25544763 0.91587168 0.30971915 -61.62251663 6.01419258 618.00189209
0.18297625 -0.34977606 0.91879052 0.95074552 -0.17489351 -0.25592062 0.25020534 0.92036343 0.30054653 -66.05322266 6.77817392 615.81103516
0.17959349 -0.34379956 0.92170936 0.95219755 -0.17460850 -0.25066337 0.24711613 0.92266679 0.29600638 -69.81113434 7.45640278 614.32373047
0.17733093 -0.33646047 0.92485011 0.95318651 -0.17515805 -0.24648644 0.24492793 0.92526430 0.28964880 -72.74260712 8.06320095 612.30780029
0.17590831 -0.33171532 0.92683470 0.95290840 -0.17888692 -0.24488023 0.24702935 0.92626405 0.28462601 -75.07852936 8.48912048 611.00311279
0.16886552 -0.32912007 0.92906606 0.95537430 -0.17713320 -0.23639670 0.24237141 0.92752570 0.28452140 -76.71927643 8.27648067 610.85369873
0.15842415 -0.32704589 0.93163443 0.95916641 -0.17293714 -0.22381456 0.23431188 0.92904961 0.28629416 -77.79074097 7.45219707 611.36602783
0.14820990 -0.32499209 0.93403119 0.96162921 -0.17312604 -0.21282777 0.23087257 0.92973548 0.28686270 -78.40001678 6.44071245 612.81555176
0.13915719 -0.32346308 0.93595231 0.96352762 -0.17394012 -0.20337054 0.22858249 0.93011612 0.28746051 -78.67208862 5.47568893 614.63989258
0.13544507 -0.32352993 0.93647361 0.96337658 -0.17777264 -0.20075285 0.23142900 0.92936826 0.28760296 -78.66399384 4.46120405 616.04870605
0.12951593 -0.31967798 0.93863291 0.96584696 -0.17357093 -0.19238578 0.22442095 0.93149292 0.28627986 -78.39838409 3.41838789 616.59155273
0.12905568 -0.31730506 0.93950093 0.96670908 -0.17084046 -0.19049214 0.22094883 0.93280834 0.28469351 -77.92723846 2.34973812 617.92388916
0.12768096 -0.31764457 0.93957436 0.96773589 -0.16757883 -0.18816176 0.21722156 0.93328440 0.28599960 -77.25564575 1.01573515 619.78894043
0.12145556 -0.31681016 0.94068080 0.97316241 -0.14861125 -0.17569983 0.19545904 0.93677431 0.29025799 -76.61399078 -0.17467169 622.74761963
0.11581749 -0.30787551 0.94435114 0.97577935 -0.14237541 -0.16608819 0.18558650 0.94071364 0.28392899 -76.42738342 -1.02525342 625.93469238
0.10125141 -0.29867521 0.94896841 0.97917032 -0.13881898 -0.14816600 0.17598885 0.94420451 0.27839825 -75.86216736 -2.70936894 628.94274902
0.08515855 -0.29435724 0.95189357 0.97994429 -0.14799851 -0.13343421 0.18015634 0.94416630 0.27585036 -75.11532593 -4.64937115 631.54730225
0.07220934 -0.28870603 0.95469040 0.97895414 -0.16266929 -0.12323724 0.19087818 0.94349736 0.27088404 -74.34457397 -7.03267622 633.60070801
0.06806742 -0.29042703 0.95447326 0.97551155 -0.18118736 -0.12469893 0.20915425 0.93958670 0.27098194 -73.38492584 -9.37088490 634.42242432
0.06748297 -0.28691179 0.95557696 0.97222203 -0.19623418 -0.12757793 0.22412057 0.93764257 0.26569968 -71.84884644 -11.70672512 633.28186035
0.06383679 -0.28458297 0.95652384 0.96633619 -0.22174971 -0.13046594 0.24923725 0.93265200 0.26084700 -70.12441254 -14.64661503 631.78820801
0.05416674 -0.28902340 0.95578843 0.95994008 -0.24846558 -0.12953630 0.27491948 0.92451620 0.26398653 -68.27839661 -16.90989304 630.04461670
0.04329420 -0.29117581 0.95568943 0.94888139 -0.28737500 -0.13054180 0.31265157 0.91248685 0.26384962 -66.27812958 -18.70518303 627.24291992
0.03082043 -0.29300064 0.95561564 0.94260550 -0.30950817 -0.12529860 0.33248323 0.90463001 0.26664484 -63.72163010 -20.17544556 622.71545410
0.02651419 -0.29598069 0.95482588 0.93508053 -0.33036920 -0.12837517 0.35344180 0.89624316 0.26800638 -61.37503052 -21.43997383 618.32397461
0.02589883 -0.30128157 0.95318305 0.92511016 -0.35409710 -0.13705930 0.37881312 0.88534975 0.26954803 -59.14296722 -21.99711990 614.41271973
0.02271534 -0.31093523 0.95015967 0.90866685 -0.38990799 -0.14931896 0.41690347 0.86677057 0.27367955 -56.95927048 -21.88904953 610.66021729
0.02986599 -0.32704324 0.94453740 0.89025521 -0.42095524 -0.17390393 0.45448202 0.84607309 0.27857971 -54.60845566 -21.17708969 605.55169678
0.05541359 -0.33458972 0.94073313 0.86961454 -0.44678435 -0.21013215 0.49061286 0.82971883 0.26620588 -52.96437836 -19.97500420 597.31756592
0.08596237 -0.35137659 0.93227935 0.84510863 -0.46985134 -0.25501171 0.52763790 0.80979884 0.25656188 -51.42975998 -18.83729172 586.80303955
0.10444503 -0.36366263 0.92565668 0.81934243 -0.49609292 -0.28734913 0.56370997 0.78844225 0.24614987 -51.45273209 -18.25951195 578.05169678
0.11503300 -0.37361234 0.92042446 0.79280150 -0.52375478 -0.31168205 0.59852540 0.76556802 0.23595144 -51.26474762 -18.38534164 567.93695068
0.13168387 -0.38575640 0.91315496 0.76583320 -0.54530209 -0.34079880 0.62941086 0.74420261 0.22361791 -51.92901611 -18.79109192 559.13378906
0.14390382 -0.39856243 0.90578115 0.73714095 -0.56750458 -0.36682543 0.66023809 0.72047639 0.21213056 -53.28778076 -19.06255150 551.85223389
0.14956851 -0.41433665 0.89774984 0.70651394 -0.59040922 -0.39019847 0.69171321 0.69263405 0.20442794 -55.31533432 -19.11986542 546.87054443
0.17496400 -0.41851017 0.89119971 0.67327851 -0.60958928 -0.41844562 0.71838933 0.67323869 0.17511779 -57.05474472 -19.08410835 541.53283691
0.19822221 -0.43567434 0.87800729 0.63989800 -0.62101990 -0.45262140 0.74245483 0.65155369 0.15568706 -59.37750244 -19.05145264 536.12652588
0.20822388 -0.45544904 0.86556870 0.60517025 -0.63523805 -0.47983438 0.76838225 0.62372941 0.14335230 -62.32048035 -18.93519020 531.82312012
0.21578766 -0.47762060 0.85165423 0.57003641 -0.64652508 -0.50701451 0.79277623 0.59488124 0.13274924 -65.96607208 -18.59818268 528.16473389
0.21932243 -0.49548358 0.84047252 0.54123378 -0.65495563 -0.52735132 0.81176573 0.57055175 0.12452574 -69.82146454 -18.29357338 524.21295166
0.21231873 -0.51247591 0.83203942 0.51283610 -0.66634226 -0.54128325 0.83181739 0.54162425 0.12133953 -73.67098999 -17.89633751 520.76544189
0.20705980 -0.52588505 0.82496744 0.49399376 -0.67164940 -0.55213898 0.84445029 0.52185440 0.12071230 -77.72048187 -17.37177086 518.28405762
0.19415829 -0.53393000 0.82293469 0.47325099 -0.68383723 -0.55533803 0.85926515 0.49727818 0.11991053 -81.96092224 -16.80027008 517.19470215
0.18018818 -0.53640437 0.82450110 0.45648968 -0.69688660 -0.55314243 0.87129176 0.47604585 0.11929249 -85.83247375 -16.15634727 516.95654297
0.17079537 -0.53555703 0.82704782 0.44636384 -0.70625281 -0.54951537 0.87840134 0.46301866 0.11842822 -89.25117493 -15.40233803 516.90307617
0.16784814 -0.53614205 0.82727152 0.43354496 -0.71352202 -0.55038613 0.88536197 0.45104101 0.11267824 -91.60437775 -14.99081707 516.69049072
0.16207862 -0.54172981 0.82477838 0.42425042 -0.71638191 -0.55390304 0.89092183 0.43968832 0.11371859 -93.93384552 -14.04879665 515.99768066
0.15110973 -0.55072534 0.82089406 0.43094075 -0.71066302 -0.55610049 0.88963801 0.43778923 0.12994190 -96.29044342 -13.53240585 517.55242920
0.15099117 -0.55294776 0.81942159 0.44950515 -0.69986475 -0.55509913 0.88042486 0.45214915 0.14287885 -98.99510193 -13.05632114 519.75091553
0.15211314 -0.55436492 0.81825495 0.46588850 -0.68992609 -0.55403078 0.87167084 0.46549097 0.15332547 -101.24221039 -13.08684540 521.43395996
0.15640782 -0.55338234 0.81811082 0.48119631 -0.68066150 -0.55240488 0.86254650 0.48007172 0.15982477 -102.97848511 -13.72165203 522.89135742
0.15948622 -0.55132776 0.81890267 0.49429458 -0.67345148 -0.54966915 0.85453910 0.49244380 0.16511223 -104.33616638 -15.02184105 524.29724121
0.16014279 -0.54676402 0.82182968 0.50173748 -0.67190897 -0.54479128 0.85006702 0.49958718 0.16673072 -105.15499878 -17.01127243 525.38006592
0.15753493 -0.54113668 0.82604665 0.51188040 -0.67059195 -0.53692019 0.84448838 0.50742131 0.17135563 -105.73338318 -19.63526917 526.68859863
0.14825423 -0.54568964 0.82476872 0.51382679 -0.67007822 -0.53570318 0.84498703 0.50320840 0.18104808 -105.70611572 -22.91010284 527.98840332
0.14079770 -0.53950298 0.83012813 0.51811051 -0.67434531 -0.52613628 0.84364516 0.50417697 0.18457587 -106.01217651 -25.46245003 528.94812012
0.13034138 -0.53649044 0.83378035 0.52134997 -0.67821789 -0.51789516 0.84333032 0.50219440 0.19129962 -105.70471191 -28.36592484 531.15606689
0.12241667 -0.53257388 0.83748358 0.52946705 -0.67867881 -0.50897932 0.83945161 0.50572729 0.19889885 -104.92535400 -31.16876030 533.56915283
0.11019906 -0.52847946 0.84176314 0.52782768 -0.68650728 -0.50010574 0.84217215 0.49941683 0.20329288 -103.62159729 -33.33922195 534.40911865
0.10696669 -0.52519113 0.84423578 0.53134090 -0.68749261 -0.49500555 0.84037793 0.50152630 0.20551635 -102.10701752 -34.59462738 534.28979492
0.10602547 -0.51271927 0.85198468 0.53244197 -0.69435811 -0.48412043 0.83979994 0.50496131 0.19937351 -101.04566193 -34.84313202 534.04736328
0.10266016 -0.50958759 0.85427248 0.53259742 -0.69717652 -0.47988057 0.84011966 0.50424767 0.19983275 -99.52605438 -35.05748367 534.11236572
0.10750537 -0.50566626 0.85600519 0.52988476 -0.69937283 -0.47968739 0.84122807 0.50515258 0.19275817 -97.85094452 -34.36070251 533.27569580
0.11071976 -0.50268596 0.85734910 0.53282773 -0.69817543 -0.47816902 0.83894944 0.50976241 0.19054337 -96.46669769 -32.80878830 532.33905029
0.11510421 -0.49525860 0.86108673 0.53245765 -0.70103675 -0.47438031 0.83859426 0.51309538 0.18301143 -95.78519440 -31.09548187 533.50347900
0.12167633 -0.48512700 0.86593747 0.53308398 -0.70397544 -0.46929672 0.83726698 0.51872003 0.17295569 -95.87921906 -29.64724731 535.55633545
0.13015762 -0.47302574 0.87138134 0.53574950 -0.70595461 -0.46324939 0.83428478 0.52713782 0.16153781 -96.27599335 -28.39598274 537.46319580
0.13827661 -0.46373367 0.87511754 0.54051274 -0.70507747 -0.45903352 0.82989490 0.53648579 0.15315826 -96.83415985 -27.25721169 538.47424316
0.14443496 -0.45745549 0.87742364 0.54816812 -0.70123345 -0.45583221 0.82380223 0.54681414 0.14947991 -97.59471893 -26.15266418 539.12548828
0.15050486 -0.44842672 0.88105768 0.55791581 -0.69720197 -0.45015553 0.81613624 0.55930609 0.14525187 -98.55193329 -25.12840843 540.76470947
0.15505072 -0.44341043 0.88280648 0.57212299 -0.68820381 -0.44615111 0.80537874 0.57424980 0.14697890 -99.60797119 -24.05689430 541.58123779
0.16171098 -0.43529204 0.88564700 0.58698320 -0.67900717 -0.44090748 0.79328388 0.59115940 0.14570609 -100.70351410 -23.15718269 542.17791748
0.16281416 -0.42819169 0.88890028 0.59683675 -0.67465699 -0.43430787 0.78566951 0.60123962 0.14571629 -101.83950806 -22.34744263 543.11694336
0.16465926 -0.42201138 0.89151257 0.60026741 -0.67432791 -0.43007153 0.78266644 0.60596085 0.14228483 -102.93383026 -21.64196777 543.65393066
0.16721006 -0.43228287 0.88609928 0.59624094 -0.67143947 -0.44007429 0.78519922 0.60191375 0.14547315 -104.14907074 -20.71754837 544.65460205
0.16231039 -0.43614656 0.88511705 0.59564227 -0.67183679 -0.44027901 0.78668010 0.59867483 0.15074146 -105.77132416 -19.43551445 545.52667236
0.15365741 -0.43954086 0.88498181 0.59555459 -0.67347103 -0.43789488 0.78848189 0.59434050 0.15828729 -106.02271271 -18.61202621 545.13366699
0.16937804 -0.44815603 0.87776226 0.58675355 -0.66973400 -0.45516676 0.79185307 0.59212536 0.14951916 -105.60967255 -18.67524910 544.46704102
0.18692268 -0.45663407 0.86979616 0.57368207 -0.66800410 -0.47398204 0.79746366 0.58758485 0.13709779 -105.36151886 -18.58349228 546.36859131
0.18888105 -0.46204889 0.86650741 0.56417549 -0.67117208 -0.48086876 0.80375999 0.57968903 0.13390502 -105.69305420 -17.76122856 549.54846191
0.16330042 -0.45298564 0.87643397 0.53556687 -0.70536560 -0.46435732 0.82855362 0.54521883 0.12741773 -107.35122681 -16.90072441 560.09979248
0.14133099 -0.44387031 0.88487589 0.49379748 -0.74310273 -0.45162272 0.85801578 0.50077778 0.11415812 -108.58421326 -16.99388504 569.45068359
0.11680581 -0.43417677 0.89322245 0.47250861 -0.76677376 -0.43450272 0.87355101 0.47280791 0.11558898 -110.44111633 -17.09375000 578.71008301
0.10335191 -0.42560768 0.89898652 0.43848461 -0.79176372 -0.42525524 0.89277685 0.43814266 0.10479195 -111.39584351 -17.88649750 586.26300049
0.08694046 -0.41527048 0.90553391 0.42778212 -0.80534291 -0.41039556 0.89969075 0.42305142 0.10762864 -112.34053040 -17.98765182 593.44738770
0.07403787 -0.40531379 0.91117412 0.41883051 -0.81655747 -0.39725831 0.90504092 0.41104001 0.10930189 -113.11385345 -18.05778694 600.61218262
0.06529418 -0.39695001 0.91551542 0.38886443 -0.83481890 -0.38969529 0.91897845 0.38145590 0.09985052 -113.17622375 -18.63696671 605.52166748
0.05216210 -0.39023837 0.91923487 0.38393664 -0.84190422 -0.37919608 0.92188460 0.37270784 0.10591087 -113.85037231 -19.04588890 609.63159180
0.04084228 -0.38076761 0.92376798 0.37620375 -0.85064209 -0.36725867 0.92563623 0.36252466 0.10850429 -114.74816895 -20.02301788 614.12622070
0.03330633 -0.37618840 0.92594409 0.35427791 -0.86185557 -0.36289409 0.93454695 0.34012830 0.10457014 -114.90206909 -21.79226303 616.31811523
0.02503944 -0.36993796 0.92871898 0.33279365 -0.87293726 -0.35669115 0.94266748 0.31800324 0.10125487 -114.66334534 -23.03211594 616.11968994
0.00709347 -0.36974752 0.92910528 0.31171650 -0.88201517 -0.35338709 0.95014864 0.29212409 0.10899974 -114.20520782 -23.87419510 614.08984375
-0.00658104 -0.36561322 0.93074375 0.31062928 -0.88546568 -0.34563050 0.95050865 0.28684136 0.11939733 -114.58346558 -24.17948341 614.07196045
-0.01341828 -0.36127290 0.93236339 0.29829508 -0.89143538 -0.34112072 0.95437920 0.27354211 0.11972765 -114.34996796 -24.70233536 612.71740723
-0.01562618 -0.36339581 0.93150371 0.28098330 -0.89567202 -0.34470347 0.95958561 0.25635058 0.11610398 -113.50772095 -24.94172287 609.75476074
-0.03804893 -0.35890669 0.93259776 0.26363546 -0.90381336 -0.33707303 0.96387184 0.23304050 0.12900956 -112.82020569 -24.68357849 605.71942139
-0.05454963 -0.35898650 0.93174732 0.26546517 -0.90476847 -0.33305022 0.96257597 0.22917867 0.14465283 -112.25826263 -23.89459229 602.08782959
-0.07162759 -0.35909617 0.93054783 0.26845393 -0.90545893 -0.32875052 0.96062541 0.22626175 0.16125575 -111.88861084 -23.09206772 599.52191162
-0.08695058 -0.36100459 0.92850149 0.27617806 -0.90423524 -0.32570639 0.95716506 0.22811137 0.17832506 -111.81669617 -22.06311035 597.64886475
-0.10270040 -0.36305755 0.92609006 0.28739473 -0.90213716 -0.32179624 0.95229071 0.23310481 0.19699089 -112.27358246 -20.91853905 596.71112061
-0.12007963 -0.36351731 0.92381579 0.30124757 -0.90001583 -0.31499505 0.94595492 0.24047275 0.21758206 -113.26363373 -19.97682953 596.80297852
-0.13714482 -0.36727855 0.91994488 0.32105047 -0.89506727 -0.30948496 0.93707985 0.25290450 0.24066886 -114.73997498 -19.36160278 597.96691895
-0.15759982 -0.37223226 0.91466117 0.34233069 -0.88939363 -0.30296516 0.92626846 0.26536977 0.26759550 -116.56871033 -18.94338799 599.70422363
-0.17448072 -0.37592375 0.91007566 0.36566073 -0.88289726 -0.29459253 0.91424793 0.28137827 0.29150918 -118.54257965 -18.49025917 601.30120850
-0.20709124 -0.38551450 0.89916164 0.37982780 -0.87867284 -0.28924945 0.90157884 0.28162560 0.32839486 -120.02052307 -18.20969963 602.41760254
-0.21548045 -0.39135063 0.89465815 0.40318558 -0.87009758 -0.28349888 0.88938701 0.29962468 0.34527609 -122.24310303 -17.67130852 603.31518555
-0.23536085 -0.40263891 0.88458294 0.42301694 -0.86185849 -0.27974334 0.87502074 0.30835289 0.37317115 -123.61812592 -17.02819061 602.52270508
-0.24051680 -0.40676945 0.88130021 0.43967542 -0.85511941 -0.27469310 0.86535388 0.32141781 0.38451710 -125.31455994 -16.01036644 601.75463867
-0.25795579 -0.41518021 0.87240070 0.44195414 -0.85365725 -0.27558109 0.85914767 0.31447357 0.40369698 -125.51186371 -15.03842449 599.80029297
-0.26016343 -0.41822940 0.87028682 0.45213550 -0.84916890 -0.27291960 0.85316396 0.32248405 0.41001889 -125.84777832 -13.70225716 598.52819824
-0.26363313 -0.42153096 0.86764598 0.46092513 -0.84518689 -0.27056810 0.84737557 0.32858902 0.41711345 -125.82876587 -12.45997143 598.43646240
-0.26868808 -0.42491516 0.86443859 0.47201675 -0.84038299 -0.26637664 0.83964640 0.33645689 0.42636800 -125.48164368 -11.25814629 599.18933105
-0.27276871 -0.42987615 0.86069947 0.48428696 -0.83436686 -0.26324630 0.83130270 0.34502029 0.43577257 -124.81153107 -10.28885841 600.79425049
-0.27879971 -0.43489152 0.85623604 0.49684572 -0.82831162 -0.25892967 0.82183635 0.35322759 0.44700682 -123.89566803 -9.55459404 603.35882568
-0.28352982 -0.43624952 0.85398883 0.50552803 -0.82473892 -0.25346911 0.81489378 0.35984930 0.45437458 -122.59718323 -9.06993389 605.51837158
-0.28906593 -0.44231057 0.84900135 0.50227731 -0.82506222 -0.25882477 0.81495941 0.35161638 0.46065953 -120.52581787 -9.30681801 606.87902832
-0.29187217 -0.43547726 0.85156912 0.50210065 -0.82755226 -0.25110200 0.81406724 0.35428369 0.46019295 -118.80037689 -9.65014076 608.96148682
-0.29402256 -0.43232363 0.85243511 0.50540417 -0.82729691 -0.24524952 0.81124437 0.35871518 0.46174231 -117.06432343 -10.19301224 610.90216064
-0.29510286 -0.42466837 0.85590374 0.50294572 -0.83068848 -0.23874947 0.81237870 0.36001742 0.45872369 -115.48650360 -11.12964535 612.36260986
-0.30859911 -0.43335035 0.84674287 0.49942932 -0.83143210 -0.24349540 0.80952859 0.34774598 0.47300738 -113.59604645 -12.79136658 612.16033936
-0.31141850 -0.42507395 0.84990019 0.49246722 -0.83709460 -0.23822024 0.81270802 0.34436172 0.47002223 -112.99584198 -14.41418743 613.57159424
-0.31394857 -0.41720214 0.85286486 0.48962814 -0.84076351 -0.23104486 0.81344938 0.34505054 0.46823022 -112.96456146 -16.75436783 614.92730713
-0.33020669 -0.42091745 0.84486216 0.47502884 -0.84756470 -0.23660381 0.81566644 0.32320583 0.47981969 -112.73124695 -19.29283142 614.29583740
-0.33085999 -0.41553169 0.84726942 0.47457173 -0.84930754 -0.23121059 0.81566751 0.32559168 0.47820148 -113.77497864 -21.59211349 615.84466553
-0.33848143 -0.42326948 0.84040165 0.46965709 -0.84991157 -0.23889893 0.81538486 0.31383753 0.48647049 -114.14946747 -24.20841789 615.13189697
-0.33562142 -0.41915399 0.84360462 0.47354543 -0.84923881 -0.23355654 0.81431741 0.32109833 0.48351112 -115.50595856 -26.03325272 617.38305664
-0.34726822 -0.42989436 0.83342391 0.46932650 -0.84909606 -0.24242105 0.81187260 0.30696291 0.49662507 -115.78520203 -27.59843636 617.46374512
-0.34661120 -0.42592269 0.83573371 0.47821826 -0.84671819 -0.23318535 0.80694991 0.31883860 0.49716586 -117.28506470 -28.66328049 621.63171387
-0.34511456 -0.42201495 0.83833158 0.49386764 -0.84120631 -0.22015248 0.79811716 0.33804691 0.49873215 -118.95423889 -29.44239807 626.73895264
-0.35617596 -0.42482185 0.83226532 0.50668705 -0.83616942 -0.20997339 0.78511620 0.34691060 0.51307511 -119.79418182 -30.01810646 629.27624512
-0.35220769 -0.42115834 0.83580804 0.52330756 -0.82900923 -0.19721185 0.77595043 0.36792538 0.51237881 -122.00887299 -30.49866295 634.24493408
-0.36297664 -0.42807224 0.82764870 0.53417426 -0.82337719 -0.19159360 0.76348317 0.37256470 0.52753174 -123.94685364 -31.07253647 638.49511719
-0.37026915 -0.43108958 0.82283801 0.55152637 -0.81479275 -0.17869298 0.74747539 0.38765255 0.53944975 -126.46783447 -31.20260429 640.96374512
-0.37964445 -0.43867141 0.81451607 0.57140619 -0.80360681 -0.16646434 0.72757399 0.40222222 0.55574489 -129.50001526 -31.03212547 642.26837158
-0.39780617 -0.46393692 0.79152614 0.59432483 -0.78755230 -0.16291107 0.69894809 0.40561631 0.58902192 -133.76106262 -30.97256470 644.15185547
-0.41261905 -0.48850864 0.76883352 0.61853576 -0.76986945 -0.15720999 0.66869992 0.41068321 0.61982250 -139.11431885 -30.98731613 647.50354004
-0.42455029 -0.50396234 0.75218248 0.64242691 -0.75308228 -0.14196423 0.63800013 0.42295173 0.64348096 -145.18978882 -31.34214783 651.76269531
-0.43619442 -0.51340395 0.73901993 0.66389984 -0.73799449 -0.12083529 0.60743010 0.43792766 0.66275787 -151.90739441 -31.63780212 657.44073486
-0.45632067 -0.52277720 0.72005159 0.67486310 -0.73074019 -0.10285315 0.57994020 0.43900245 0.68625546 -159.16552734 -31.59335136 663.59039307
-0.47556776 -0.52524161 0.70566058 0.67980593 -0.72855014 -0.08413486 0.55830002 0.43970057 0.70353711 -166.88565063 -31.17998695 670.24279785
-0.49208710 -0.52727449 0.69269836 0.67831582 -0.73097938 -0.07454348 0.54565287 0.43318659 0.71736443 -174.54808044 -30.19717216 676.13543701
-0.50476521 -0.52432573 0.68578053 0.67090321 -0.73817933 -0.07057291 0.54323143 0.42446950 0.72437900 -182.21916199 -28.55522156 682.33129883
-0.51826531 -0.52209526 0.67736030 0.65515321 -0.75146466 -0.07793916 0.54970360 0.40338150 0.73151094 -189.39031982 -26.13025665 687.22528076
-0.53065532 -0.51775479 0.67107075 0.63702148 -0.76590025 -0.08718835 0.55911499 0.38121924 0.73624909 -196.12969971 -23.31096840 691.23022461
-0.54466182 -0.51548439 0.66152781 0.62228376 -0.77721399 -0.09328001 0.56223321 0.36085206 0.74409658 -202.57510376 -20.06768799 694.35546875
-0.55970514 -0.51120675 0.65222490 0.60787207 -0.78819430 -0.09613400 0.56322449 0.34266272 0.75190461 -209.11346436 -16.72195244 696.93762207
-0.57343203 -0.50887549 0.64204532 0.59697950 -0.79625827 -0.09792010 0.56106257 0.32713735 0.76038778 -215.64767456 -13.46343040 699.17687988
-0.58754152 -0.51048768 0.62785149 0.59448767 -0.79869950 -0.09307940 0.54898065 0.31856188 0.77274758 -222.20907593 -10.41356277 701.31219482
-0.60178691 -0.51183552 0.61308753 0.59436685 -0.79976630 -0.08427258 0.53346044 0.31368479 0.78550732 -228.00271606 -7.79965496 702.48260498
-0.61883861 -0.51438278 0.59367478 0.59583962 -0.79987383 -0.07194705 0.51187354 0.30921131 0.80148244 -232.80227661 -5.85846043 702.73046875
-0.62645537 -0.52307928 0.57787693 0.60191548 -0.79568374 -0.06771740 0.49522856 0.30541104 0.81330991 -237.85830688 -4.16578102 704.18841553
-0.64032376 -0.52719802 0.55861413 0.60697013 -0.79298049 -0.05263168 0.47071686 0.30536038 0.82775640 -240.21379089 -3.80539322 702.96228027
-0.65323079 -0.53382254 0.53695774 0.61268610 -0.78934497 -0.03937900 0.44486606 0.30326283 0.84268969 -240.74790955 -4.46059990 700.73846436
-0.65771985 -0.53947908 0.52570504 0.62310952 -0.78180468 -0.02270347 0.42324689 0.31263959 0.85036373 -241.44030762 -5.67928600 701.02423096
-0.66246378 -0.54110253 0.51802522 0.62969732 -0.77681649 -0.00615047 0.40573809 0.32212472 0.85534340 -240.97552490 -7.36225748 701.04309082
-0.67338431 -0.54103386 0.50382066 0.63147980 -0.77530807 0.01143419 0.38443002 0.32585227 0.86373252 -238.81813049 -9.22442818 699.00067139
-0.67624611 -0.54365337 0.49712378 0.63166189 -0.77515763 0.01155023 0.37907007 0.32182503 0.86760277 -237.10298157 -11.10578251 698.40533447
-0.68581927 -0.54268003 0.48492238 0.62676817 -0.77906936 0.01456776 0.36988276 0.31392491 0.87443578 -233.54365540 -13.18670654 695.31842041
-0.69410360 -0.54210877 0.47364300 0.62126064 -0.78348458 0.01369267 0.36366925 0.30375981 0.88061041 -229.67878723 -15.15036964 692.41534424
-0.69550657 -0.54761511 0.46517521 0.61991274 -0.78466445 0.00313666 0.36328885 0.29054961 0.88521272 -226.04806519 -16.62217522 690.01818848
-0.70251745 -0.54893261 0.45292670 0.61907798 -0.78528345 0.00849010 0.35101542 0.28636143 0.89150745 -220.96743774 -18.27556610 686.55743408
-0.70827645 -0.54789573 0.44514552 0.61721933 -0.78667003 0.01381386 0.34261334 0.28453648 0.89535165 -215.63661194 -19.54378891 684.27807617
-0.71332175 -0.54570377 0.43974897 0.61539555 -0.78795385 0.02043314 0.33535147 0.28519478 0.89788842 -209.71681213 -20.55546761 682.52014160
-0.71792865 -0.54393888 0.43440634 0.61332476 -0.78943014 0.02514151 0.32925776 0.28448191 0.90036619 -203.34997559 -21.52264786 681.60925293
-0.71390486 -0.54987597 0.43356222 0.61925709 -0.78481132 0.02431436 0.32689473 0.28584462 0.90079570 -197.19227600 -22.51604462 682.15869141
-0.71654719 -0.54268527 0.43823856 0.61196750 -0.79058784 0.02159406 0.33474737 0.28366098 0.89859933 -190.66668701 -23.83509445 682.14965820
-0.71679401 -0.53195542 0.45080972 0.59899533 -0.80071622 0.00756630 0.35694599 0.27545655 0.89258796 -184.02674866 -25.40403938 681.24206543
-0.71562266 -0.51523334 0.47161406 0.57677644 -0.81672359 -0.01706698 0.39397159 0.25980225 0.88164014 -177.39512634 -27.07822037 680.03424072
-0.70882350 -0.50813442 0.48925200 0.56652504 -0.82332850 -0.03432866 0.42025906 0.25284082 0.87146652 -171.17422485 -28.51407242 679.71795654
-0.70769060 -0.49421075 0.50490576 0.54647374 -0.83584917 -0.05219062 0.44781801 0.23898292 0.86159539 -164.70910645 -29.88555908 677.82336426
-0.70947564 -0.48532176 0.51098663 0.53099203 -0.84486634 -0.06517992 0.46334872 0.22508633 0.85711420 -158.20625305 -31.02599907 675.03155518
-0.71082765 -0.46987450 0.52339429 0.50801349 -0.85762674 -0.07999084 0.48646241 0.20903157 0.84832764 -151.87748718 -31.71778297 671.38623047
-0.70992494 -0.46154028 0.53196490 0.49633136 -0.86375910 -0.08703872 0.49966127 0.20223972 0.84228104 -146.09442139 -31.68754959 667.80310059
-0.71086794 -0.45285353 0.53813583 0.48056954 -0.87140918 -0.09848666 0.51353627 0.18860064 0.83708429 -141.21441650 -30.80145454 664.39495850
-0.70997036 -0.44550458 0.54540634 0.47705528 -0.87395221 -0.09287507 0.51803511 0.19425049 0.83301061 -136.81713867 -29.46873856 660.94989014
-0.71947694 -0.43881133 0.53832835 0.47434521 -0.87663972 -0.08061828 0.50729620 0.19735041 0.83887011 -132.20919800 -28.77289581 657.38513184
-0.71447527 -0.42524484 0.55560106 0.47402477 -0.87828022 -0.06264318 0.51461178 0.21861154 0.82908595 -127.47296143 -28.77228355 652.91290283
-0.71684158 -0.39946145 0.57146126 0.46653810 -0.88389885 -0.03263470 0.51814985 0.24321514 0.81997997 -122.32580566 -29.18610954 646.67871094
-0.71901953 -0.36950403 0.58862358 0.45332330 -0.89132744 -0.00577744 0.52679127 0.26268247 0.80838674 -117.50968170 -29.55038834 639.31738281
-0.71924847 -0.33244067 0.61005360 0.43518758 -0.90005594 0.02260902 0.54156637 0.28174862 0.79203814 -113.67050934 -29.56483269 632.43621826
-0.72015989 -0.29044294 0.63008982 0.40898603 -0.91131020 0.04737708 0.56044668 0.29181677 0.77507585 -111.37329102 -28.76198006 625.10119629
-0.72495824 -0.24206768 0.64485586 0.37816307 -0.92237079 0.07889564 0.57569826 0.30105627 0.76022148 -109.95552063 -27.26640129 615.14660645
-0.73415750 -0.18265356 0.65394974 0.33240801 -0.93650889 0.11160378 0.59204525 0.29931298 0.74826086 -108.97234344 -25.62319946 605.48651123
-0.74183869 -0.12929654 0.65799499 0.28836548 -0.94738591 0.13894738 0.60540962 0.29281953 0.74009192 -107.81266785 -23.61011887 595.61859131
-0.75332999 -0.07773862 0.65303123 0.24210133 -0.95603573 0.16547640 0.61145765 0.28275827 0.73903137 -107.84139252 -21.76259804 587.38336182
-0.76755500 -0.01251692 0.64086080 0.18799342 -0.96023804 0.20640327 0.61279511 0.27890337 0.73938835 -107.71483612 -19.92114449 579.15435791
-0.77407670 0.05423243 0.63076389 0.13378625 -0.95981115 0.24670619 0.61879402 0.27535716 0.73571229 -107.76118469 -18.26618195 571.39215088
-0.76977032 0.11390103 0.62807697 0.08784247 -0.95568806 0.28097177 0.63224810 0.27145541 0.72565454 -108.42327118 -17.20250130 563.59436035
-0.76114976 0.19391222 0.61890936 0.02681537 -0.94403374 0.32875648 0.64802146 0.26682928 0.71335149 -108.75339508 -16.34787750 555.95855713
-0.74627191 0.28712848 0.60052878 -0.05132134 -0.92431605 0.37816194 0.66365945 0.25139180 0.70452720 -108.97720337 -16.26262093 549.96026611
-0.72867417 0.36969551 0.57650644 -0.12154922 -0.89823347 0.42237756 0.67398822 0.23770162 0.69945538 -109.52243042 -16.37183571 545.66455078
-0.71115023 0.43544051 0.55195701 -0.18055364 -0.87188715 0.45520622 0.67945981 0.22406226 0.69866335 -109.88601685 -16.64212227 541.75299072
-0.69045848 0.49266136 0.52967143 -0.23524724 -0.84535164 0.47962460 0.68405116 0.20655718 0.69957739 -110.73876190 -17.25606346 539.26739502
-0.66836059 0.54745233 0.50357717 -0.28601834 -0.81409520 0.50541300 0.68664920 0.19376579 0.70069063 -111.61423492 -17.64522934 537.10614014
-0.64229673 0.60129309 0.47529045 -0.33329502 -0.77753156 0.53325301 0.69019485 0.18409477 0.69981438 -112.83460999 -17.67603302 536.24182129
-0.60943335 0.65063739 0.45305905 -0.37458441 -0.73993009 0.55873960 0.69876868 0.17080560 0.69465661 -113.78769684 -17.69734764 536.09570312
-0.57896459 0.69409603 0.42782131 -0.40997019 -0.70137244 0.58309585 0.70478648 0.16219783 0.69062877 -114.28366852 -17.22063828 535.75280762
-0.55553913 0.72901875 0.39988515 -0.43736160 -0.66522092 0.60514170 0.70717144 0.16128546 0.68840086 -114.53768158 -16.39453506 536.25482178
-0.52671254 0.76405466 0.37255141 -0.47259983 -0.62750751 0.61877632 0.70655751 0.14984947 0.69160807 -114.60309601 -15.39202213 537.75531006
-0.50999010 0.78353381 0.35494319 -0.49642125 -0.60508347 0.62244642 0.70247835 0.14124025 0.69754952 -115.38823700 -14.66596985 542.36151123
-0.49198121 0.80290049 0.33661073 -0.52002627 -0.58110130 0.62601477 0.69823176 0.13294083 0.70341957 -116.00561523 -14.06470203 546.31677246
-0.46840930 0.82130611 0.32565209 -0.54112595 -0.55805522 0.62909216 0.69840890 0.11845379 0.70582831 -116.60806274 -13.76175117 551.18878174
-0.44792160 0.83751714 0.31293899 -0.55474502 -0.53483391 0.63734692 0.70115948 0.11188012 0.70417213 -117.31582642 -13.56849766 555.61981201
-0.42920783 0.84799230 0.31094927 -0.56537992 -0.52072805 0.63967794 0.70436198 0.09875027 0.70293850 -117.52715302 -13.62572002 559.49249268
-0.41619909 0.85213464 0.31724590 -0.56964993 -0.51630235 0.63947713 0.70871502 0.08543064 0.70030302 -117.86744690 -13.99313927 563.28973389
-0.38092673 0.86309397 0.33160859 -0.55822039 -0.50058872 0.66166592 0.73707956 0.06693585 0.67248392 -119.82450867 -14.68365002 569.46356201
-0.34847784 0.86994267 0.34894514 -0.53531677 -0.49030975 0.68777299 0.76941442 0.05287752 0.63655728 -122.16177368 -15.61436367 575.05065918
-0.32199246 0.87513316 0.36119589 -0.51266021 -0.48190996 0.71059287 0.79592788 0.04363493 0.60381740 -124.57125854 -16.29992104 579.33624268
-0.30389404 0.87844419 0.36875948 -0.49229762 -0.47617680 0.72862816 0.81565446 0.03988644 0.57716298 -127.43904877 -16.70872307 582.66906738
-0.28847995 0.88100791 0.37497231 -0.47291595 -0.47162274 0.74425930 0.83254397 0.03737358 0.55269670 -130.20753479 -16.66075706 584.71240234
-0.26649979 0.88479429 0.38225180 -0.45794275 -0.46520790 0.75754195 0.84809572 0.02683533 0.52916324 -132.72669983 -16.06969643 585.93847656
-0.24653022 0.88891739 0.38606894 -0.44617158 -0.45773998 0.76902884 0.86032206 0.01733584 0.50945622 -135.09835815 -14.88916874 586.72875977
-0.22833683 0.89205706 0.38999557 -0.43506420 -0.45184985 0.77881378 0.87096572 0.00815878 0.49127597 -137.23710632 -13.25780296 586.65960693
-0.21665144 0.89441967 0.39124769 -0.42225611 -0.44719234 0.78849137 0.88020563 0.00562107 0.47455907 -139.22360229 -11.44318962 586.23767090
-0.21088240 0.89610136 0.39055228 -0.40683606 -0.44374818 0.79848063 0.88882625 0.00949469 0.45814559 -141.12719727 -9.52351093 585.18566895
-0.21056303 0.89835328 0.38551903 -0.39042079 -0.43882322 0.80932367 0.89623332 0.01989884 0.44313613 -143.10403442 -7.64167023 584.22302246
-0.21256185 0.90105933 0.37803456 -0.37789002 -0.43257666 0.81858230 0.90111977 0.03114424 0.43245065 -145.47233582 -5.85683584 583.16931152
-0.21658041 0.90255243 0.37214565 -0.36480618 -0.42839989 0.82667422 0.90554374 0.04328039 0.42203960 -148.14089966 -4.34718847 582.00201416
-0.22235115 0.90478724 0.36320829 -0.35278064 -0.42195523 0.83516443 0.90890366 0.05756673 0.41301334 -150.78288269 -3.00152302 580.80255127
-0.21635216 0.90730715 0.36053520 -0.34783110 -0.41668200 0.83987486 0.91225302 0.05630350 0.40573958 -153.06005859 -1.67248666 579.13751221
-0.21182793 0.91149956 0.35255843 -0.34237483 -0.40709600 0.84678942 0.91537338 0.05866669 0.39830866 -155.19706726 0.08225208 577.41131592
-0.21462645 0.91640681 0.33783811 -0.34144467 -0.39447322 0.85311556 0.91506875 0.06774811 0.39756662 -157.30828857 0.95655233 575.81512451
-0.21853803 0.92585355 0.30828112 -0.34655190 -0.36896005 0.86242145 0.91221881 0.08163640 0.40148768 -158.60395813 0.86907667 574.00323486
-0.21263967 0.93645573 0.27898875 -0.35578638 -0.34012088 0.87047935 0.91005534 0.08583804 0.40550098 -159.34800720 -0.12558012 572.57360840
-0.19917311 0.94691712 0.25234553 -0.37444532 -0.31150341 0.87335879 0.90560496 0.07945987 0.41661158 -159.31401062 -2.14608121 569.98944092
-0.17449443 0.95696539 0.23188271 -0.39609182 -0.28382063 0.87324536 0.90147829 0.06052946 0.42857105 -158.51683044 -5.42142916 565.79980469
-0.15145630 0.96611643 0.20900133 -0.42358127 -0.25447825 0.86937946 0.89310712 0.04314381 0.44777051 -157.49702454 -9.01613140 561.42187500
-0.12286102 0.97380853 0.19131863 -0.45014891 -0.22648959 0.86375296 0.88446146 0.01999960 0.46618477 -156.06660461 -13.01873207 556.75421143
-0.09264380 0.98042732 0.17372470 -0.47452077 -0.19686118 0.85794872 0.87535560 -0.00295232 0.48347062 -154.39936829 -16.56377220 552.12255859
-0.06491058 0.98424554 0.16445854 -0.49499953 -0.17485900 0.85111678 0.86646533 -0.02616050 0.49855152 -152.41564941 -19.91676521 547.32934570
-0.03544195 0.98747677 0.15373045 -0.51193267 -0.15005136 0.84581858 0.85829401 -0.04872214 0.51083994 -150.36672974 -23.26892662 543.07666016
-0.00678800 0.99111831 0.13281429 -0.52767652 -0.11637055 0.84143674 0.84941870 -0.06437131 0.52377909 -148.33638000 -25.59376335 538.25708008
0.01778818 0.99294996 0.11719470 -0.53914094 -0.08918657 0.83747995 0.84202778 -0.07808168 0.53375345 -146.71316528 -28.69277763 533.68066406
0.03718407 0.99400777 0.10278518 -0.55007732 -0.06551144 0.83253992 0.83428556 -0.08749700 0.54434538 -145.45039368 -32.62019348 528.91882324
0.06309149 0.99338084 0.09598656 -0.54702157 -0.04602259 0.83585256 0.83473736 -0.10524189 0.54049748 -144.47564697 -35.76401520 523.50183105
0.07948986 0.99079472 0.10957985 -0.53479707 -0.05038087 0.84347725 0.84123331 -0.12565081 0.52586895 -143.48202515 -38.40108109 517.94061279
0.07948682 0.98688596 0.14049125 -0.51864725 -0.07941552 0.85129178 0.85128540 -0.14053153 0.50553340 -142.78198242 -40.54504395 513.28350830
0.08388691 0.98003364 0.18026930 -0.50693274 -0.11377691 0.85444355 0.85789424 -0.16306055 0.48726648 -142.16575623 -42.58843994 509.77191162
0.09326172 0.96539366 0.24354990 -0.49988812 -0.16614738 0.85000420 0.86105388 -0.20102048 0.46709391 -141.69909668 -45.17771530 507.62686157
0.10845943 0.94731867 0.30136859 -0.49206626 -0.21225302 0.84428620 0.86377454 -0.23986393 0.44312313 -141.39646912 -48.17036057 508.71511841
0.12246446 0.92685592 0.35488144 -0.49048388 -0.25433406 0.83351046 0.86280233 -0.27613956 0.42346102 -141.92012024 -51.26935196 512.07824707
0.13452204 0.90235877 0.40945253 -0.49795344 -0.29568627 0.81523740 0.85670680 -0.31355581 0.40955633 -142.07261658 -54.30624771 515.74584961
