2.000000000000000000e+00 9.964777231216430664e-01 -3.985381126403808594e-02 7.378222048282623291e-02 4.072097688913345337e-02 9.991172552108764648e-01 -1.028477493673563004e-02 -7.330723106861114502e-02 1.325303316116333008e-02 9.972215294837951660e-01 1.933843456208705902e-02 3.602953627705574036e-03 5.487989187240600586e-01
2.000000000000000000e+00 9.735112786293029785e-01 -1.330297738313674927e-01 1.859543323516845703e-01 1.362445950508117676e-01 9.906644225120544434e-01 -4.558929242193698883e-03 -1.836119592189788818e-01 2.977345697581768036e-02 9.825480580329895020e-01 2.805864065885543823e-02 7.807167246937751770e-03 5.499963164329528809e-01
2.000000000000000000e+00 9.565362930297851562e-01 -1.663782000541687012e-01 2.394923418760299683e-01 1.714252382516860962e-01 9.851967692375183105e-01 -2.472181804478168488e-04 -2.359060496091842651e-01 4.129153117537498474e-02 9.708985090255737305e-01 3.666648268699645996e-02 1.608970761299133301e-02 5.504572391510009766e-01
2.000000000000000000e+00 9.020218849182128906e-01 -2.054505199193954468e-01 3.796666860580444336e-01 2.199636399745941162e-01 9.754934906959533691e-01 5.277287214994430542e-03 -3.714467287063598633e-01 7.875268161296844482e-02 9.251086115837097168e-01 4.549923166632652283e-02 1.927588507533073425e-02 5.541477799415588379e-01
2.000000000000000000e+00 8.306927680969238281e-01 -2.597187757492065430e-01 4.924387633800506592e-01 3.046442270278930664e-01 9.523952007293701172e-01 -1.159711927175521851e-02 -4.659845829010009766e-01 1.596523672342300415e-01 8.702703118324279785e-01 5.356699228286743164e-02 2.494395524263381958e-02 5.550680756568908691e-01
2.000000000000000000e+00 7.806271314620971680e-01 -3.271345198154449463e-01 5.325453281402587891e-01 3.925189673900604248e-01 9.196844696998596191e-01 -1.042239554226398468e-02 -4.863644242286682129e-01 2.171702533960342407e-01 8.463377356529235840e-01 7.031800597906112671e-02 2.637321688234806061e-02 5.559553503990173340e-01
2.000000000000000000e+00 6.948579549789428711e-01 -3.664253056049346924e-01 6.187931895256042480e-01 4.826779067516326904e-01 8.754799365997314453e-01 -2.358557470142841339e-02 -5.330989956855773926e-01 3.150665462017059326e-01 7.852002382278442383e-01 7.725906372070312500e-02 3.008814714848995209e-02 5.556565523147583008e-01
2.000000000000000000e+00 6.130363941192626953e-01 -3.578086793422698975e-01 7.043858170509338379e-01 5.316925048828125000e-01 8.463000655174255371e-01 -3.284192457795143127e-02 -5.843709111213684082e-01 3.946502506732940674e-01 7.090575098991394043e-01 8.432301878929138184e-02 3.118650801479816437e-02 5.612080693244934082e-01
2.000000000000000000e+00 5.498155355453491211e-01 -3.482216596603393555e-01 7.592394351959228516e-01 5.731672644615173340e-01 8.184766769409179688e-01 -3.967774286866188049e-02 -6.076034307479858398e-01 4.569869637489318848e-01 6.496010422706604004e-01 9.026369452476501465e-02 3.231064602732658386e-02 5.674771666526794434e-01
2.000000000000000000e+00 4.461362957954406738e-01 -3.053694963455200195e-01 8.412562012672424316e-01 6.252862215042114258e-01 7.788624763488769531e-01 -4.888157546520233154e-02 -6.402962803840637207e-01 5.478342175483703613e-01 5.384228229522705078e-01 1.007002741098403931e-01 3.177988901734352112e-02 5.755880475044250488e-01
2.000000000000000000e+00 3.755422532558441162e-01 -3.406159877777099609e-01 8.619447946548461914e-01 7.064399123191833496e-01 7.072054147720336914e-01 -2.832259424030780792e-02 -5.999253392219543457e-01 6.195491552352905273e-01 5.062108039855957031e-01 1.044597551226615906e-01 3.024997189640998840e-02 5.829445123672485352e-01
2.000000000000000000e+00 2.671460807323455811e-01 -2.859395444393157959e-01 9.202561378479003906e-01 7.696311473846435547e-01 6.379913091659545898e-01 -2.518537640571594238e-02 -5.799142122268676758e-01 7.149868011474609375e-01 3.905051648616790771e-01 1.074096336960792542e-01 2.739000506699085236e-02 5.864756703376770020e-01
2.000000000000000000e+00 2.053297758102416992e-01 -2.530364692211151123e-01 9.454163908958435059e-01 8.389634490013122559e-01 5.429346561431884766e-01 -3.689586743712425232e-02 -5.039635896682739258e-01 8.007465600967407227e-01 3.237692713737487793e-01 1.094778776168823242e-01 2.563027292490005493e-02 5.953247547149658203e-01
2.000000000000000000e+00 1.266230344772338867e-01 -1.872421354055404663e-01 9.741185307502746582e-01 8.685013055801391602e-01 4.953705966472625732e-01 -1.767555624246597290e-02 -4.792402088642120361e-01 8.482624292373657227e-01 2.253455370664596558e-01 1.109272614121437073e-01 2.102748304605484009e-02 6.083742380142211914e-01
2.000000000000000000e+00 9.236427396535873413e-02 -1.423322856426239014e-01 9.855001568794250488e-01 9.213141202926635742e-01 3.876305520534515381e-01 -3.036451339721679688e-02 -3.776880204677581787e-01 9.107608795166015625e-01 1.669360548257827759e-01 1.105961203575134277e-01 1.475340500473976135e-02 6.084405779838562012e-01
2.000000000000000000e+00 4.757511615753173828e-02 -1.005627363920211792e-01 9.937927126884460449e-01 9.453959465026855469e-01 3.256903588771820068e-01 -1.230143383145332336e-02 -3.224315345287322998e-01 9.401139616966247559e-01 1.105663850903511047e-01 1.084438860416412354e-01 8.318751119077205658e-03 6.119804978370666504e-01
2.000000000000000000e+00 1.316775847226381302e-02 -4.596061259508132935e-02 9.988564848899841309e-01 9.593322277069091797e-01 2.822782099246978760e-01 3.417551051825284958e-04 -2.819710373878479004e-01 9.582316279411315918e-01 4.780842363834381104e-02 1.046990007162094116e-01 4.895979538559913635e-03 6.218241453170776367e-01
2.000000000000000000e+00 -1.087916083633899689e-02 5.981821566820144653e-03 9.999229311943054199e-01 9.840852022171020508e-01 1.774338334798812866e-01 9.645329788327217102e-03 -1.773622930049896240e-01 9.841153025627136230e-01 -7.817041128873825073e-03 1.022254750132560730e-01 -3.951332997530698776e-03 6.334236264228820801e-01
2.000000000000000000e+00 -1.354673504829406738e-02 4.127357527613639832e-02 9.990560412406921387e-01 9.981601238250732422e-01 5.961240828037261963e-02 1.107177883386611938e-02 -5.909885093569755554e-02 9.973686933517456055e-01 -4.200530052185058594e-02 9.858781844377517700e-02 -1.477633882313966751e-02 6.429571509361267090e-01
2.000000000000000000e+00 -2.133580856025218964e-02 7.658932358026504517e-02 9.968345165252685547e-01 9.997718930244445801e-01 8.161051082424819469e-04 2.133592031896114349e-02 8.209439693018794060e-04 9.970631003379821777e-01 -7.658939808607101440e-02 8.605370670557022095e-02 -2.356992848217487335e-02 6.428387165069580078e-01
0.000000000000000000e+00 -3.941030427813529968e-02 1.159707531332969666e-01 9.924706220626831055e-01 9.981158375740051270e-01 5.131280794739723206e-02 3.363849222660064697e-02 -4.702503979206085205e-02 9.919270277023315430e-01 -1.177746430039405823e-01 7.637473195791244507e-02 -2.609680220484733582e-02 6.242647171020507812e-01
2.000000000000000000e+00 5.867265164852142334e-03 3.287133276462554932e-01 9.444112181663513184e-01 9.703029990196228027e-01 -2.302575111389160156e-01 7.411564886569976807e-02 2.418212145566940308e-01 9.159305691719055176e-01 -3.203022181987762451e-01 7.453890144824981689e-02 -3.769015148282051086e-02 6.523593068122863770e-01
2.000000000000000000e+00 2.086754515767097473e-02 3.811803758144378662e-01 9.242647886276245117e-01 9.530400633811950684e-01 -2.869482040405273438e-01 9.682440012693405151e-02 3.021244704723358154e-01 8.788413405418395996e-01 -3.692677915096282959e-01 6.757975369691848755e-02 -4.989955574274063110e-02 6.705854535102844238e-01
2.000000000000000000e+00 5.932885408401489258e-02 4.844375550746917725e-01 8.728113770484924316e-01 9.327779412269592285e-01 -3.383149504661560059e-01 1.243703216314315796e-01 3.555356264114379883e-01 8.067608475685119629e-01 -4.719443023204803467e-01 5.999489873647689819e-02 -5.714102089405059814e-02 6.863972544670104980e-01
2.000000000000000000e+00 1.037048920989036560e-01 5.794417858123779297e-01 8.083884716033935547e-01 9.074450135231018066e-01 -3.878531455993652344e-01 1.615953892469406128e-01 4.071719944477081299e-01 7.168102264404296875e-01 -5.660336613655090332e-01 5.234017595648765564e-02 -7.095721364021301270e-02 7.076946496963500977e-01
2.000000000000000000e+00 1.897464096546173096e-01 6.555295586585998535e-01 7.309424281120300293e-01 8.410695195198059082e-01 -4.926146566867828369e-01 2.234561443328857422e-01 5.065559744834899902e-01 5.723734498023986816e-01 -6.448176503181457520e-01 3.366285935044288635e-02 -8.478912711143493652e-02 7.236788272857666016e-01
2.000000000000000000e+00 2.416722029447555542e-01 7.006822228431701660e-01 6.712961792945861816e-01 8.193430900573730469e-01 -5.179883837699890137e-01 2.456929981708526611e-01 5.198772549629211426e-01 4.906446933746337891e-01 -6.992822289466857910e-01 1.515721250325441360e-02 -9.867297112941741943e-02 7.353799343109130859e-01
2.000000000000000000e+00 3.069520592689514160e-01 7.523067593574523926e-01 5.829361677169799805e-01 7.868235707283020020e-01 -5.451859235763549805e-01 2.892769575119018555e-01 5.354346632957458496e-01 3.698736727237701416e-01 -7.592783570289611816e-01 6.153388880193233490e-03 -1.052490770816802979e-01 7.452963590621948242e-01
2.000000000000000000e+00 3.682754337787628174e-01 7.687485218048095703e-01 5.228750109672546387e-01 7.473613023757934570e-01 -5.793142318725585938e-01 3.253403007984161377e-01 5.530149340629577637e-01 2.709615230560302734e-01 -7.878799438476562500e-01 -2.825080882757902145e-03 -1.123938784003257751e-01 7.480767369270324707e-01
2.000000000000000000e+00 4.673442542552947998e-01 7.684510946273803711e-01 4.371172785758972168e-01 6.784964799880981445e-01 -6.287393569946289062e-01 3.799075484275817871e-01 5.667743086814880371e-01 1.190345883369445801e-01 -8.152287602424621582e-01 -1.293525286018848419e-02 -1.268991082906723022e-01 7.568113803863525391e-01
2.000000000000000000e+00 5.410714149475097656e-01 7.773760557174682617e-01 3.208230137825012207e-01 6.394446492195129395e-01 -6.280733942985534668e-01 4.434351027011871338e-01 5.462172627449035645e-01 -3.478181734681129456e-02 -8.369211554527282715e-01 -2.252622880041599274e-02 -1.412865668535232544e-01 7.595652341842651367e-01
2.000000000000000000e+00 6.294751167297363281e-01 7.378836274147033691e-01 2.434914559125900269e-01 5.857206583023071289e-01 -6.565138697624206543e-01 4.753120541572570801e-01 5.105813145637512207e-01 -1.565794646739959717e-01 -8.454523086547851562e-01 -3.118714317679405212e-02 -1.483211070299148560e-01 7.779050469398498535e-01
2.000000000000000000e+00 6.777024865150451660e-01 7.176494598388671875e-01 1.603057980537414551e-01 5.659500956535339355e-01 -6.482356190681457520e-01 5.094033479690551758e-01 4.694898128509521484e-01 -2.544990777969360352e-01 -8.454641699790954590e-01 -3.948228061199188232e-02 -1.620244830846786499e-01 7.897138595581054688e-01
2.000000000000000000e+00 7.588604092597961426e-01 6.484374403953552246e-01 6.049134209752082825e-02 5.100225806236267090e-01 -6.494846940040588379e-01 5.639567375183105469e-01 4.049796760082244873e-01 -3.971127867698669434e-01 -8.235855102539062500e-01 -4.839223250746726990e-02 -1.769158840179443359e-01 8.009704947471618652e-01
2.000000000000000000e+00 7.918294072151184082e-01 6.089935898780822754e-01 -4.618071019649505615e-02 5.051932334899902344e-01 -6.106187701225280762e-01 6.098564267158508301e-01 3.432007730007171631e-01 -5.062326192855834961e-01 -7.911648750305175781e-01 -5.664600804448127747e-02 -1.845010668039321899e-01 8.245088458061218262e-01
2.000000000000000000e+00 8.202495574951171875e-01 5.645434260368347168e-01 -9.209228307008743286e-02 4.827051758766174316e-01 -5.967824459075927734e-01 6.409733295440673828e-01 3.068991601467132568e-01 -5.702117085456848145e-01 -7.620182633399963379e-01 -7.073532044887542725e-02 -1.966683864593505859e-01 8.352795839309692383e-01
2.000000000000000000e+00 8.442049026489257812e-01 4.998345077037811279e-01 -1.936051547527313232e-01 4.862283468246459961e-01 -5.620636343955993652e-01 6.690790653228759766e-01 2.256113141775131226e-01 -6.589763164520263672e-01 -7.175304889678955078e-01 -8.373761177062988281e-02 -2.079713195562362671e-01 8.406702280044555664e-01
2.000000000000000000e+00 8.604820966720581055e-01 4.645563960075378418e-01 -2.091827839612960815e-01 4.758387207984924316e-01 -5.860755443572998047e-01 6.558151245117187500e-01 1.820670962333679199e-01 -6.638545393943786621e-01 -7.253611683845520020e-01 -9.452544152736663818e-02 -2.172317951917648315e-01 8.447074294090270996e-01
0.000000000000000000e+00 8.681060075759887695e-01 4.590135812759399414e-01 -1.889384090900421143e-01 4.627127349376678467e-01 -6.105240583419799805e-01 6.427733898162841797e-01 1.796911805868148804e-01 -6.454199552536010742e-01 -7.423909306526184082e-01 -1.028585359454154968e-01 -2.196602821350097656e-01 8.502029776573181152e-01
2.000000000000000000e+00 8.799137473106384277e-01 2.857215404510498047e-01 -3.796255290508270264e-01 4.749976396560668945e-01 -5.098365545272827148e-01 7.172470688819885254e-01 1.138577610254287720e-02 -8.114364743232727051e-01 -5.843299627304077148e-01 -1.126182749867439270e-01 -2.284681946039199829e-01 8.863992094993591309e-01
2.000000000000000000e+00 8.865220546722412109e-01 1.852808594703674316e-01 -4.239697754383087158e-01 4.565742909908294678e-01 -4.987714588642120361e-01 7.367268800735473633e-01 -7.496279478073120117e-02 -8.466979265213012695e-01 -5.267669558525085449e-01 -1.144444048404693604e-01 -2.347334176301956177e-01 8.968914747238159180e-01
2.000000000000000000e+00 8.517653346061706543e-01 1.244311109185218811e-01 -5.089336633682250977e-01 5.020138621330261230e-01 -4.718105196952819824e-01 7.248285412788391113e-01 -1.499292403459548950e-01 -8.728752732276916504e-01 -4.643385708332061768e-01 -1.162354126572608948e-01 -2.391967773437500000e-01 9.041204452514648438e-01
2.000000000000000000e+00 8.370754718780517578e-01 6.922066211700439453e-02 -5.426914095878601074e-01 5.144706368446350098e-01 -4.369903206825256348e-01 7.378069162368774414e-01 -1.860795617103576660e-01 -8.967986106872558594e-01 -4.014063477516174316e-01 -1.172795593738555908e-01 -2.415674328804016113e-01 9.131931662559509277e-01
2.000000000000000000e+00 7.912381291389465332e-01 3.235340863466262817e-02 -6.106523871421813965e-01 5.651456713676452637e-01 -4.201050102710723877e-01 7.100152969360351562e-01 -2.335668504238128662e-01 -9.068984985351562500e-01 -3.506879210472106934e-01 -1.161985024809837341e-01 -2.467864900827407837e-01 9.290972948074340820e-01
2.000000000000000000e+00 7.375018596649169922e-01 -1.836084388196468353e-02 -6.750960350036621094e-01 6.141852736473083496e-01 -3.974499106407165527e-01 6.817693114280700684e-01 -2.808348834514617920e-01 -9.174401164054870605e-01 -2.818435430526733398e-01 -1.150306612253189087e-01 -2.516597509384155273e-01 9.372523427009582520e-01
2.000000000000000000e+00 7.021389007568359375e-01 -6.825508177280426025e-02 -7.087614536285400391e-01 6.291608810424804688e-01 -4.066094458103179932e-01 6.624384522438049316e-01 -3.334041535854339600e-01 -9.110487103462219238e-01 -2.425533384084701538e-01 -1.126047894358634949e-01 -2.540652453899383545e-01 9.486073255538940430e-01
2.000000000000000000e+00 6.401264071464538574e-01 -7.266299426555633545e-02 -7.648262381553649902e-01 6.824780106544494629e-01 -4.033635556697845459e-01 6.095253825187683105e-01 -3.527931571006774902e-01 -9.121500253677368164e-01 -2.086130678653717041e-01 -1.083847284317016602e-01 -2.553440034389495850e-01 9.564485549926757812e-01
2.000000000000000000e+00 5.850673913955688477e-01 -1.393464356660842896e-01 -7.989239692687988281e-01 6.915088891983032227e-01 -4.289493262767791748e-01 5.812206864356994629e-01 -4.236890971660614014e-01 -8.925158977508544922e-01 -1.546052694320678711e-01 -9.834872186183929443e-02 -2.542645037174224854e-01 9.675788879394531250e-01
2.000000000000000000e+00 5.223951935768127441e-01 -2.083266377449035645e-01 -8.268641233444213867e-01 6.745287775993347168e-01 -4.922574758529663086e-01 5.501753091812133789e-01 -5.216462612152099609e-01 -8.451522588729858398e-01 -1.166308224201202393e-01 -9.318197518587112427e-02 -2.537796497344970703e-01 9.727761149406433105e-01
2.000000000000000000e+00 4.561230242252349854e-01 -2.419312447309494019e-01 -8.564007878303527832e-01 6.969893574714660645e-01 -5.012258291244506836e-01 5.128139257431030273e-01 -5.533158779144287109e-01 -8.308079838752746582e-01 -5.999736115336418152e-02 -8.047167211771011353e-02 -2.512980997562408447e-01 9.778159260749816895e-01
2.000000000000000000e+00 3.909720480442047119e-01 -2.783307135105133057e-01 -8.773107528686523438e-01 7.106330990791320801e-01 -5.144760012626647949e-01 4.799112677574157715e-01 -5.849292874336242676e-01 -8.110773563385009766e-01 -3.354940563440322876e-03 -7.350762188434600830e-02 -2.477789223194122314e-01 9.830989837646484375e-01
2.000000000000000000e+00 3.576230108737945557e-01 -2.762463390827178955e-01 -8.920735120773315430e-01 7.004491090774536133e-01 -5.524327158927917480e-01 4.518725275993347168e-01 -6.176384687423706055e-01 -7.864515185356140137e-01 -4.066251218318939209e-03 -5.854791775345802307e-02 -2.419099807739257812e-01 9.941332340240478516e-01
2.000000000000000000e+00 2.755991518497467041e-01 -2.605126500129699707e-01 -9.252997636795043945e-01 7.170715332031250000e-01 -5.853514075279235840e-01 3.783802092075347900e-01 -6.401982307434082031e-01 -7.677868008613586426e-01 2.548372559249401093e-02 -4.998459666967391968e-02 -2.361110895872116089e-01 1.001788020133972168e+00
2.000000000000000000e+00 2.164347022771835327e-01 -2.189371287822723389e-01 -9.514325261116027832e-01 7.400719523429870605e-01 -5.988051891326904297e-01 3.061460256576538086e-01 -6.367492675781250000e-01 -7.703885436058044434e-01 3.242684155702590942e-02 -4.045771434903144836e-02 -2.292076647281646729e-01 1.009988546371459961e+00
2.000000000000000000e+00 1.787471771240234375e-01 -1.949302852153778076e-01 -9.643924832344055176e-01 7.505253553390502930e-01 -6.067906618118286133e-01 2.617559731006622314e-01 -6.362083554267883301e-01 -7.705886363983154297e-01 3.783781081438064575e-02 -3.107342496514320374e-02 -2.208048701286315918e-01 1.014094591140747070e+00
2.000000000000000000e+00 1.066587939858436584e-01 -1.652801334857940674e-01 -9.804628491401672363e-01 7.381040453910827637e-01 -6.475412845611572266e-01 1.894516795873641968e-01 -6.662027239799499512e-01 -7.438899278640747070e-01 5.292776599526405334e-02 -2.088065259158611298e-02 -2.119100838899612427e-01 1.016643881797790527e+00
2.000000000000000000e+00 8.379528671503067017e-02 -1.208654791116714478e-01 -9.891263842582702637e-01 7.511765956878662109e-01 -6.445586681365966797e-01 1.423976421356201172e-01 -6.547608375549316406e-01 -7.549403309822082520e-01 3.678012266755104065e-02 -1.138743385672569275e-02 -2.014413625001907349e-01 1.023194074630737305e+00
2.000000000000000000e+00 3.246581926941871643e-02 -7.739781588315963745e-02 -9.964721202850341797e-01 7.416194677352905273e-01 -6.665092706680297852e-01 7.593081891536712646e-02 -6.700345277786254883e-01 -7.414678931236267090e-01 3.576074913144111633e-02 8.305240422487258911e-03 -1.890515387058258057e-01 1.021631479263305664e+00
2.000000000000000000e+00 -1.573297427967190742e-03 -1.136869192123413086e-02 -9.999347329139709473e-01 6.832598447799682617e-01 -7.301391363143920898e-01 7.225529756397008896e-03 -7.301733493804931641e-01 -6.832033395767211914e-01 8.916312828660011292e-03 1.731859892606735229e-02 -1.772116571664810181e-01 1.026130080223083496e+00
2.000000000000000000e+00 -1.861600019037723541e-02 5.840019881725311279e-02 -9.981202483177185059e-01 6.570160984992980957e-01 -7.517752051353454590e-01 -5.624125897884368896e-02 -7.536463141441345215e-01 -6.568275094032287598e-01 -2.437497489154338837e-02 2.706815116107463837e-02 -1.644165962934494019e-01 1.027161598205566406e+00
2.000000000000000000e+00 -3.720759600400924683e-02 1.378406882286071777e-01 -9.897559285163879395e-01 6.538744568824768066e-01 -7.456239461898803711e-01 -1.284227073192596436e-01 -7.556872963905334473e-01 -6.519539952278137207e-01 -6.238777190446853638e-02 4.547641798853874207e-02 -1.516300141811370850e-01 1.035311102867126465e+00
2.000000000000000000e+00 -1.460248604416847229e-02 2.168556749820709229e-01 -9.760950207710266113e-01 6.386415362358093262e-01 -7.491105794906616211e-01 -1.759822219610214233e-01 -7.693656682968139648e-01 -6.259440183639526367e-01 -1.275542378425598145e-01 5.442553013563156128e-02 -1.382388472557067871e-01 1.041056036949157715e+00
2.000000000000000000e+00 -5.390904378145933151e-03 2.861352860927581787e-01 -9.581745266914367676e-01 6.201716661453247070e-01 -7.507017254829406738e-01 -2.276686728000640869e-01 -7.844474315643310547e-01 -5.954596996307373047e-01 -1.734061241149902344e-01 7.091168314218521118e-02 -1.232087463140487671e-01 1.035611391067504883e+00
2.000000000000000000e+00 2.066319063305854797e-02 3.158316910266876221e-01 -9.485906362533569336e-01 5.683671236038208008e-01 -7.842735052108764648e-01 -2.487426549196243286e-01 -8.225153684616088867e-01 -5.340076088905334473e-01 -1.957140117883682251e-01 7.782743871212005615e-02 -1.155844852328300476e-01 1.031222224235534668e+00
2.000000000000000000e+00 6.079585105180740356e-02 3.249697089195251465e-01 -9.437687397003173828e-01 5.464709401130676270e-01 -8.020601272583007812e-01 -2.409731894731521606e-01 -8.352683782577514648e-01 -5.010917186737060547e-01 -2.263485640287399292e-01 9.092438220977783203e-02 -1.078549623489379883e-01 1.029028415679931641e+00
2.000000000000000000e+00 8.823756873607635498e-02 3.767196834087371826e-01 -9.221155643463134766e-01 5.658116340637207031e-01 -7.808364629745483398e-01 -2.648599445819854736e-01 -8.197995424270629883e-01 -4.983727335929870605e-01 -2.820515036582946777e-01 1.026201397180557251e-01 -9.936274588108062744e-02 1.026000380516052246e+00
2.000000000000000000e+00 1.840775609016418457e-01 3.987473547458648682e-01 -8.983967304229736328e-01 5.079768896102905273e-01 -8.210822343826293945e-01 -2.603505849838256836e-01 -8.414719700813293457e-01 -4.084396362304687500e-01 -3.536972999572753906e-01 1.140907257795333862e-01 -8.378128707408905029e-02 1.034770607948303223e+00
2.000000000000000000e+00 2.801747918128967285e-01 4.055718183517456055e-01 -8.700656294822692871e-01 4.442767798900604248e-01 -8.582370281219482422e-01 -2.569948136806488037e-01 -8.509527444839477539e-01 -3.145460486412048340e-01 -4.206424355506896973e-01 1.181284785270690918e-01 -6.776826083660125732e-02 1.030528187751770020e+00
2.000000000000000000e+00 3.483294844627380371e-01 4.040957093238830566e-01 -8.457977771759033203e-01 4.274907708168029785e-01 -8.714919686317443848e-01 -2.403167784214019775e-01 -8.342174291610717773e-01 -2.778608202934265137e-01 -4.763134717941284180e-01 1.210439503192901611e-01 -5.306979641318321228e-02 1.023951768875122070e+00
2.000000000000000000e+00 4.645635783672332764e-01 3.982182443141937256e-01 -7.909510731697082520e-01 4.184404909610748291e-01 -8.858928680419921875e-01 -2.002494186162948608e-01 -7.804414629936218262e-01 -2.379367798566818237e-01 -5.781843066215515137e-01 1.260270774364471436e-01 -4.625522717833518982e-02 1.024043321609497070e+00
2.000000000000000000e+00 5.167607665061950684e-01 3.606826961040496826e-01 -7.764450311660766602e-01 3.734754920005798340e-01 -9.110504388809204102e-01 -1.746467947959899902e-01 -7.703732848167419434e-01 -1.997319906949996948e-01 -6.055014729499816895e-01 1.271827369928359985e-01 -3.101523779332637787e-02 1.014178633689880371e+00
2.000000000000000000e+00 5.624892711639404297e-01 3.503173291683197021e-01 -7.489219307899475098e-01 3.587911725044250488e-01 -9.194919466972351074e-01 -1.606292426586151123e-01 -7.448993325233459473e-01 -1.783537566661834717e-01 -6.428955793380737305e-01 1.272681951522827148e-01 -1.647599041461944580e-02 1.011139392852783203e+00
2.000000000000000000e+00 6.364493370056152344e-01 2.887575030326843262e-01 -7.152284383773803711e-01 2.587459087371826172e-01 -9.534761309623718262e-01 -1.546998918056488037e-01 -7.266244292259216309e-01 -8.660317957401275635e-02 -6.815546751022338867e-01 1.240443512797355652e-01 -2.410709857940673828e-03 1.004690408706665039e+00
2.000000000000000000e+00 6.732399463653564453e-01 2.570253908634185791e-01 -6.933153867721557617e-01 2.273572534322738647e-01 -9.641730785369873047e-01 -1.366649568080902100e-01 -7.036026716232299805e-01 -6.562138348817825317e-02 -7.075569629669189453e-01 1.189509704709053040e-01 3.818703582510352135e-03 9.931213259696960449e-01
2.000000000000000000e+00 6.772286891937255859e-01 1.854005008935928345e-01 -7.120312452316284180e-01 1.508034616708755493e-01 -9.821628928184509277e-01 -1.123069375753402710e-01 -7.201526165008544922e-01 -3.131867945194244385e-02 -6.931084394454956055e-01 1.158202588558197021e-01 9.220386855304241180e-03 9.941232204437255859e-01
2.000000000000000000e+00 6.837950348854064941e-01 1.373910754919052124e-01 -7.166232466697692871e-01 1.209853664040565491e-01 -9.898664951324462891e-01 -7.433561235666275024e-02 -7.195743322372436523e-01 -3.587001189589500427e-02 -6.934882998466491699e-01 1.072007715702056885e-01 2.088847383856773376e-02 9.838900566101074219e-01
2.000000000000000000e+00 7.186327576637268066e-01 9.398596733808517456e-02 -6.890096068382263184e-01 8.827842026948928833e-02 -9.951375722885131836e-01 -4.367167875170707703e-02 -6.897638440132141113e-01 -2.944020181894302368e-02 -7.234355807304382324e-01 9.576306492090225220e-02 2.554691210389137268e-02 9.709870815277099609e-01
2.000000000000000000e+00 7.416196465492248535e-01 -9.799432009458541870e-03 -6.707495450973510742e-01 2.895472943782806396e-02 -9.984934329986572266e-01 4.660018533468246460e-02 -6.701956391334533691e-01 -5.398042127490043640e-02 -7.402188181877136230e-01 9.027218073606491089e-02 3.119603358209133148e-02 9.727843403816223145e-01
2.000000000000000000e+00 7.908363938331604004e-01 -5.375097692012786865e-02 -6.096634268760681152e-01 3.244188847020268440e-04 -9.960988759994506836e-01 8.824019879102706909e-02 -6.120277047157287598e-01 -6.998077034950256348e-02 -7.877337336540222168e-01 7.740791141986846924e-02 3.940838575363159180e-02 9.718453288078308105e-01
2.000000000000000000e+00 8.058314919471740723e-01 -1.095135062932968140e-01 -5.819304585456848145e-01 1.909289509057998657e-03 -9.822635650634765625e-01 1.874942779541015625e-01 -5.921418666839599609e-01 -1.521992683410644531e-01 -7.913298606872558594e-01 6.889357417821884155e-02 4.601981118321418762e-02 9.671365022659301758e-01
2.000000000000000000e+00 8.352261185646057129e-01 -1.713082045316696167e-01 -5.225431919097900391e-01 -2.633785083889961243e-02 -9.616106152534484863e-01 2.731499373912811279e-01 -5.492756366729736328e-01 -2.143786847591400146e-01 -8.076742291450500488e-01 5.215911939740180969e-02 4.810773953795433044e-02 9.541598558425903320e-01
2.000000000000000000e+00 8.305251002311706543e-01 -2.423578500747680664e-01 -5.014892220497131348e-01 -5.632041767239570618e-02 -9.322968125343322754e-01 3.572815656661987305e-01 -5.541265606880187988e-01 -2.684865593910217285e-01 -7.879456877708435059e-01 3.376314789056777954e-02 5.186938494443893433e-02 9.390403628349304199e-01
2.000000000000000000e+00 8.120143413543701172e-01 -3.459124565124511719e-01 -4.700830876827239990e-01 -1.497403234243392944e-01 -9.019520878791809082e-01 4.050432741641998291e-01 -5.641015768051147461e-01 -2.585099339485168457e-01 -7.841950058937072754e-01 1.528566796332597733e-02 5.496109277009963989e-02 9.300895333290100098e-01
2.000000000000000000e+00 7.886490225791931152e-01 -4.558490812778472900e-01 -4.125956892967224121e-01 -2.372877895832061768e-01 -8.447270989418029785e-01 4.797193706035614014e-01 -5.672099590301513672e-01 -2.804256081581115723e-01 -7.743604779243469238e-01 6.071633659303188324e-03 5.570641532540321350e-02 9.147353172302246094e-01
2.000000000000000000e+00 7.466506361961364746e-01 -5.575484037399291992e-01 -3.628407716751098633e-01 -3.495285809040069580e-01 -7.929040193557739258e-01 4.991320371627807617e-01 -5.659877061843872070e-01 -2.458534240722656250e-01 -7.869014739990234375e-01 -1.356683857738971710e-02 5.576849728822708130e-02 8.977642655372619629e-01
2.000000000000000000e+00 6.821750998497009277e-01 -6.448937058448791504e-01 -3.446013331413269043e-01 -3.844483494758605957e-01 -7.172334790229797363e-01 5.811845660209655762e-01 -6.219612956047058105e-01 -2.639876306056976318e-01 -7.372072935104370117e-01 -3.402201086282730103e-02 5.545258522033691406e-02 8.962885141372680664e-01
2.000000000000000000e+00 5.851997137069702148e-01 -7.414858341217041016e-01 -3.282393515110015869e-01 -4.301637113094329834e-01 -6.270073652267456055e-01 6.494774222373962402e-01 -6.873859763145446777e-01 -2.388767451047897339e-01 -6.858850121498107910e-01 -5.411463975906372070e-02 5.448664352297782898e-02 8.889474868774414062e-01
2.000000000000000000e+00 4.682961404323577881e-01 -8.251752853393554688e-01 -3.158882558345794678e-01 -4.258108437061309814e-01 -5.240248441696166992e-01 7.376198768615722656e-01 -7.741981148719787598e-01 -2.109153866767883301e-01 -5.967678427696228027e-01 -7.328338921070098877e-02 5.089296028017997742e-02 8.833436369895935059e-01
2.000000000000000000e+00 4.287090003490447998e-01 -8.643017411231994629e-01 -2.630440890789031982e-01 -4.330629408359527588e-01 -4.521254897117614746e-01 7.797685861587524414e-01 -7.928832769393920898e-01 -2.203788161277770996e-01 -5.681276917457580566e-01 -8.220726996660232544e-02 4.594725742936134338e-02 8.794426918029785156e-01
2.000000000000000000e+00 3.828853964805603027e-01 -8.944843411445617676e-01 -2.308626621961593628e-01 -3.957589566707611084e-01 -3.846388757228851318e-01 8.339231610298156738e-01 -8.347288370132446289e-01 -2.279307395219802856e-01 -5.012732744216918945e-01 -9.254432469606399536e-02 4.036641865968704224e-02 8.711996674537658691e-01
2.000000000000000000e+00 2.483709156513214111e-01 -9.471054673194885254e-01 -2.032336592674255371e-01 -4.038205146789550781e-01 -2.919454872608184814e-01 8.670045733451843262e-01 -8.804768919944763184e-01 -1.332686692476272583e-01 -4.549719989299774170e-01 -1.090153455734252930e-01 3.580016270279884338e-02 8.491755127906799316e-01
2.000000000000000000e+00 1.202855631709098816e-01 -9.739913344383239746e-01 -1.920236051082611084e-01 -2.838212549686431885e-01 -2.190954834222793579e-01 9.335110187530517578e-01 -9.513021707534790039e-01 -5.778746306896209717e-02 -3.027942776679992676e-01 -1.220132559537887573e-01 3.139885142445564270e-02 8.166357874870300293e-01
2.000000000000000000e+00 -1.525509636849164963e-02 -9.822115898132324219e-01 -1.871589571237564087e-01 -2.092017233371734619e-01 -1.799038350582122803e-01 9.611812829971313477e-01 -9.777529835700988770e-01 5.381680279970169067e-02 -2.027367651462554932e-01 -1.365304589271545410e-01 2.651427872478961945e-02 8.084236383438110352e-01
2.000000000000000000e+00 -8.873850852251052856e-02 -9.804012179374694824e-01 -1.758968681097030640e-01 -1.082339808344841003e-01 -1.660581678152084351e-01 9.801583290100097656e-01 -9.901567101478576660e-01 1.060156673192977905e-01 -9.137789905071258545e-02 -1.496936231851577759e-01 2.137995138764381409e-02 7.938052415847778320e-01
2.000000000000000000e+00 -2.107533663511276245e-01 -9.677150249481201172e-01 -1.382444053888320923e-01 -1.573881134390830994e-02 -1.380447149276733398e-01 9.903010129928588867e-01 -9.774123430252075195e-01 2.108848690986633301e-01 1.386169902980327606e-02 -1.547560840845108032e-01 1.448802463710308075e-02 7.812276482582092285e-01
2.000000000000000000e+00 -2.710018157958984375e-01 -9.535994529724121094e-01 -1.311756372451782227e-01 7.868977636098861694e-02 -1.577678918838500977e-01 9.843358397483825684e-01 -9.593570232391357422e-01 2.564344704151153564e-01 1.177928000688552856e-01 -1.631446182727813721e-01 7.866538129746913910e-03 7.749753594398498535e-01
2.000000000000000000e+00 -3.434310257434844971e-01 -9.315318465232849121e-01 -1.196008548140525818e-01 1.287095844745635986e-01 -1.728285104036331177e-01 9.765060544013977051e-01 -9.303163886070251465e-01 3.199687004089355469e-01 1.792506277561187744e-01 -1.674797683954238892e-01 7.101561641320586205e-04 7.663171887397766113e-01
2.000000000000000000e+00 -4.531418383121490479e-01 -8.848784565925598145e-01 -1.079507470130920410e-01 2.146154195070266724e-01 -2.258287072181701660e-01 9.502322077751159668e-01 -8.652181029319763184e-01 4.074220955371856689e-01 2.922398149967193604e-01 -1.716640740633010864e-01 -1.312788855284452438e-02 7.490686774253845215e-01
2.000000000000000000e+00 -5.211966037750244141e-01 -8.485373258590698242e-01 -9.131973981857299805e-02 2.965808510780334473e-01 -2.804181575775146484e-01 9.129102230072021484e-01 -8.002459406852722168e-01 4.487222135066986084e-01 3.978117108345031738e-01 -1.736724972724914551e-01 -2.696190588176250458e-02 7.378288507461547852e-01
2.000000000000000000e+00 -6.312960386276245117e-01 -7.716395854949951172e-01 -7.770776748657226562e-02 3.188276886940002441e-01 -3.495627641677856445e-01 8.809962868690490723e-01 -7.069751620292663574e-01 5.313942432403564453e-01 4.666964411735534668e-01 -1.740871816873550415e-01 -3.494825959205627441e-02 7.341961264610290527e-01
2.000000000000000000e+00 -6.812652945518493652e-01 -7.291203141212463379e-01 -6.528297811746597290e-02 3.244606554508209229e-01 -3.806974887847900391e-01 8.659065365791320801e-01 -6.562031507492065430e-01 5.687306523323059082e-01 4.959255456924438477e-01 -1.720977127552032471e-01 -4.254816100001335144e-02 7.275564074516296387e-01
2.000000000000000000e+00 -7.840151190757751465e-01 -6.193495392799377441e-01 -4.155331104993820190e-02 3.392982482910156250e-01 -4.836407005786895752e-01 8.068256974220275879e-01 -5.198041796684265137e-01 6.184650063514709473e-01 5.893247127532958984e-01 -1.705161631107330322e-01 -4.991352558135986328e-02 7.205948829650878906e-01
2.000000000000000000e+00 -8.617023825645446777e-01 -5.065415501594543457e-01 -2.974883094429969788e-02 3.158979415893554688e-01 -5.814255475997924805e-01 7.497681379318237305e-01 -3.970855474472045898e-01 6.366799473762512207e-01 6.610301733016967773e-01 -1.641409993171691895e-01 -6.444071978330612183e-02 7.063615918159484863e-01
2.000000000000000000e+00 -9.240385293960571289e-01 -3.819083571434020996e-01 -1.729346625506877899e-02 2.516608238220214844e-01 -6.417105793952941895e-01 7.244818806648254395e-01 -2.877830862998962402e-01 6.650977134704589844e-01 6.890756487846374512e-01 -1.614325195550918579e-01 -7.359331846237182617e-02 6.935431361198425293e-01
2.000000000000000000e+00 -9.652742147445678711e-01 -2.606538534164428711e-01 -1.748313382267951965e-02 1.876760274171829224e-01 -7.384634017944335938e-01 6.476489305496215820e-01 -1.817227751016616821e-01 6.218783259391784668e-01 7.617371082305908203e-01 -1.575410217046737671e-01 -8.983573317527770996e-02 6.902475953102111816e-01
2.000000000000000000e+00 -9.803462624549865723e-01 -1.967614889144897461e-01 -1.437046471983194351e-02 1.548723727464675903e-01 -8.126736879348754883e-01 5.617610812187194824e-01 -1.222113594412803650e-01 5.484955310821533203e-01 8.271737098693847656e-01 -1.441788077354431152e-01 -9.758282452821731567e-02 6.766538619995117188e-01
2.000000000000000000e+00 -9.847792983055114746e-01 -1.645065546035766602e-01 -5.610302835702896118e-02 1.296931505203247070e-01 -9.103844761848449707e-01 3.929110467433929443e-01 -1.157116740942001343e-01 3.796555101871490479e-01 9.178626537322998047e-01 -1.295092701911926270e-01 -1.109731346368789673e-01 6.640995144844055176e-01
2.000000000000000000e+00 -9.997878074645996094e-01 1.944109052419662476e-02 6.824922282248735428e-03 -1.633215509355068207e-02 -9.496574401855468750e-01 3.128632307052612305e-01 1.256400253623723984e-02 3.126864433288574219e-01 9.497729539871215820e-01 -1.168416067957878113e-01 -1.204974949359893799e-01 6.653786301612854004e-01
2.000000000000000000e+00 -9.875302910804748535e-01 1.570316404104232788e-01 1.120171509683132172e-02 -1.522244960069656372e-01 -9.705923199653625488e-01 1.864877641201019287e-01 4.015719145536422729e-02 1.824581474065780640e-01 9.823927879333496094e-01 -1.078881174325942993e-01 -1.272996515035629272e-01 6.591868400573730469e-01
2.000000000000000000e+00 -9.757833480834960938e-01 2.180681079626083374e-01 1.712559722363948822e-02 -2.139750719070434570e-01 -9.678466320037841797e-01 1.322387754917144775e-01 4.541248083114624023e-02 1.253730207681655884e-01 9.910692572593688965e-01 -9.002259373664855957e-02 -1.340176016092300415e-01 6.461834907531738281e-01
2.000000000000000000e+00 -9.575188755989074707e-01 2.876408696174621582e-01 2.051003836095333099e-02 -2.857136428356170654e-01 -9.559229016304016113e-01 6.766424328088760376e-02 3.906957060098648071e-02 5.893087014555931091e-02 9.974966645240783691e-01 -8.107583224773406982e-02 -1.404097825288772583e-01 6.338834166526794434e-01
2.000000000000000000e+00 -9.105644226074218750e-01 4.119980335235595703e-01 3.361763060092926025e-02 -4.116337299346923828e-01 -9.111815094947814941e-01 1.747380010783672333e-02 3.783163055777549744e-02 2.073901705443859100e-03 9.992813467979431152e-01 -7.225545495748519897e-02 -1.465064883232116699e-01 6.274057030677795410e-01
2.000000000000000000e+00 -8.840993046760559082e-01 4.672397971153259277e-01 7.464024238288402557e-03 -4.651242196559906006e-01 -8.783286809921264648e-01 -1.104420050978660583e-01 -4.504624381661415100e-02 -1.011123657226562500e-01 9.938539862632751465e-01 -6.256783753633499146e-02 -1.558889746665954590e-01 6.103671789169311523e-01
0.000000000000000000e+00 -8.489067554473876953e-01 5.275443792343139648e-01 -3.247621655464172363e-02 -5.165573954582214355e-01 -8.410971164703369141e-01 -1.603849530220031738e-01 -1.119249835610389709e-01 -1.193750426173210144e-01 9.865196347236633301e-01 -5.408098548650741577e-02 -1.576370447874069214e-01 6.022671461105346680e-01
2.000000000000000000e+00 -7.640284299850463867e-01 6.446757912635803223e-01 2.555584721267223358e-02 -6.228665113449096680e-01 -7.266961932182312012e-01 -2.897404134273529053e-01 -1.682171672582626343e-01 -2.372882962226867676e-01 9.567636847496032715e-01 -3.275117278099060059e-02 -1.707541048526763916e-01 5.986740589141845703e-01
2.000000000000000000e+00 -6.698567271232604980e-01 7.423038482666015625e-01 1.662602648138999939e-02 -6.819857954978942871e-01 -6.062636375427246094e-01 -4.090713858604431152e-01 -2.935754656791687012e-01 -2.853584885597229004e-01 9.123505353927612305e-01 -2.308350056409835815e-02 -1.739017665386199951e-01 5.910294055938720703e-01
2.000000000000000000e+00 -5.611661076545715332e-01 8.251351714134216309e-01 6.514613330364227295e-02 -7.363395690917968750e-01 -4.617293477058410645e-01 -4.945804476737976074e-01 -3.780158758163452148e-01 -3.255120515823364258e-01 8.666863441467285156e-01 -3.159582614898681641e-03 -1.809459477663040161e-01 5.925660729408264160e-01
0.000000000000000000e+00 -4.555696547031402588e-01 8.830161690711975098e-01 1.128638833761215210e-01 -8.044042587280273438e-01 -3.540352582931518555e-01 -4.770668745040893555e-01 -3.813000321388244629e-01 -3.081260323524475098e-01 8.715892434120178223e-01 1.671805791556835175e-02 -1.880856603384017944e-01 6.017699837684631348e-01
2.000000000000000000e+00 -3.094978928565979004e-01 9.508427977561950684e-01 1.041165459901094437e-02 -7.318699955940246582e-01 -2.312034368515014648e-01 -6.410245895385742188e-01 -6.071058511734008789e-01 -2.060154676437377930e-01 7.674498558044433594e-01 2.284516952931880951e-02 -1.928557604551315308e-01 5.808452367782592773e-01
2.000000000000000000e+00 -1.948829889297485352e-01 9.804427623748779297e-01 2.742707729339599609e-02 -6.690579652786254883e-01 -1.124375835061073303e-01 -7.346565723419189453e-01 -7.172041535377502441e-01 -1.615221500396728516e-01 6.778849363327026367e-01 3.141311928629875183e-02 -1.940495669841766357e-01 5.751953721046447754e-01
