0.00191658 -0.99998903 0.00424866 0.99904269 0.00172905 -0.04371110 0.04370327 0.00432837 0.99903518 -1.04665935 1.27685547 421.33837891
0.03253355 -0.99681497 0.07280971 0.99777877 0.02815527 -0.06037240 0.05813014 0.07461213 0.99551690 -1.29764068 0.59073859 418.07385254
0.00953792 -0.99935055 0.03474596 0.99839848 0.00757959 -0.05606362 0.05576386 0.03522507 0.99782228 -2.35234690 -0.42049390 411.57412720
-0.03410446 -0.99853975 0.04189508 0.99908316 -0.03514859 -0.02444376 0.02588063 0.04102306 0.99882281 0.97609776 3.73921132 412.37905884
-0.01427820 -0.99730134 0.07201606 0.99379206 -0.02210158 -0.10903638 0.11033379 0.07001218 0.99142557 4.27448893 1.57256556 412.44427490
-0.05885235 -0.99515390 0.07877205 0.99740183 -0.06190196 -0.03684730 0.04154490 0.07639886 0.99621141 9.14503288 1.99039662 414.44204712
-0.04087763 -0.99544197 0.08616319 0.99809515 -0.04466961 -0.04254984 0.04620479 0.08425976 0.99537194 9.45657253 0.11027825 414.10946655
-0.03111248 -0.99553996 0.08906009 0.99941802 -0.03223173 -0.01115659 0.01397740 0.08866118 0.99596363 9.20286751 -3.25590229 415.00463867
-0.04067564 -0.99480557 0.09330867 0.99878615 -0.04307818 -0.02387948 0.02777503 0.09222414 0.99535066 10.26235008 -2.02406096 415.29544067
-0.04133770 -0.99455655 0.09564491 0.99852622 -0.04449116 -0.03107540 0.03516163 0.09421942 0.99493015 12.50795555 -3.21370268 410.59008789
-0.06016666 -0.99212694 0.10983354 0.99811006 -0.06117489 -0.00583008 0.01250329 0.10927526 0.99393249 17.60918045 -3.78658056 413.67178345
-0.06771507 -0.99180430 0.10834321 0.99766630 -0.06636187 0.01605118 -0.00872972 0.10917737 0.99398351 19.33722496 -0.56512815 410.24749756
-0.04304928 -0.99332464 0.10701516 0.99877971 -0.04538375 -0.01947466 0.02420145 0.10604628 0.99406612 21.40786743 0.47470963 403.36947632
-0.05402393 -0.99110317 0.12163555 0.99843222 -0.05182972 0.02113355 -0.01464115 0.12258666 0.99234933 21.82143784 -1.19377863 406.55279541
-0.04573565 -0.99345505 0.10466424 0.99891651 -0.04638377 -0.00376578 0.00859589 0.10437872 0.99449986 21.34073067 5.16301489 399.46026611
-0.03316813 -0.99319655 0.11162215 0.99845642 -0.02794977 0.04799470 -0.04454832 0.11304186 0.99259037 21.10870934 10.19835758 401.25073242
-0.02467372 -0.99324286 0.11339708 0.99962121 -0.02312983 0.01491037 -0.01218672 0.11372212 0.99343705 19.45657158 18.21396637 398.27325439
0.00503076 -0.99563450 0.09319656 0.99326783 -0.00581071 -0.11569404 0.11573052 0.09315128 0.98890221 16.66318130 16.50917625 401.66702271
0.00420421 -0.99556577 0.09396907 0.99299562 -0.00693934 -0.11794711 0.11807619 0.09380683 0.98856282 12.22270870 21.07807922 402.85855103
0.01194630 -0.99470735 0.10204796 0.99289072 -0.00028670 -0.11902839 0.11842764 0.10274450 0.98763174 12.40516853 27.24914169 404.96444702
0.02522906 -0.99100578 0.13141741 0.99249101 0.00909128 -0.12197880 0.11968689 0.13350807 0.98379302 13.06221962 31.96195793 406.00857544
0.03013619 -0.98949850 0.14136490 0.99055469 0.01063805 -0.13670473 0.13376521 0.14414950 0.98047227 16.71755409 32.97469711 405.94357300
0.02924836 -0.98900801 0.14493725 0.99020123 0.00885995 -0.13936551 0.13654943 0.14759326 0.97957569 19.43840408 38.36420441 404.30087280
0.04256275 -0.98261678 0.18069763 0.98458242 0.01053941 -0.17460319 0.16966352 0.18534333 0.96791548 22.74514961 50.42263794 412.44619751
0.03668710 -0.97947156 0.19821338 0.98616779 0.00340265 -0.16571482 0.16163839 0.20155124 0.96604770 26.42376518 57.95033264 411.41836548
0.03468537 -0.97926277 0.19960040 0.98631597 0.00133217 -0.16486061 0.16117588 0.20258734 0.96590823 30.06425476 66.16764069 414.90209961
0.00407840 -0.96272755 0.27043989 0.99392128 -0.02585087 -0.10701453 0.11001690 0.26923245 0.95676953 37.59195709 67.56934357 414.27899170
-0.00647681 -0.94072694 0.33910128 0.99312383 -0.04569036 -0.10778468 0.11688954 0.33607149 0.93455374 42.30636215 65.58526611 411.44647217
-0.02622399 -0.94753575 0.31857049 0.97799647 -0.09029690 -0.18806708 0.20696607 0.30662906 0.92905402 39.59650421 61.38683319 402.18209839
-0.04216900 -0.94141608 0.33459887 0.97398984 -0.11336039 -0.19619671 0.22263284 0.31762245 0.92170942 34.74601746 61.97950363 406.12225342
-0.02134664 -0.93934363 0.34231108 0.97584307 -0.09403772 -0.19719732 0.21742600 0.32983243 0.91865891 33.33724594 63.68819427 409.69113159
-0.02108643 -0.92921948 0.36892459 0.98255116 -0.08746544 -0.16414246 0.18479234 0.35902604 0.91484958 33.08076477 68.75577545 414.97412109
-0.02523529 -0.93197554 0.36164039 0.97802883 -0.09790066 -0.18405095 0.20693560 0.34905007 0.91396892 30.10954666 68.82392883 413.33911133
-0.02197880 -0.92215073 0.38620463 0.97492927 -0.10532657 -0.19600819 0.22142647 0.37221405 0.90134591 23.24909592 69.39050293 414.86038208
-0.02743565 -0.91800481 0.39561796 0.97538120 -0.11121571 -0.19042720 0.21881177 0.38065371 0.89845514 17.99365234 68.67037964 413.37078857
-0.02051524 -0.91528898 0.40227416 0.97570050 -0.10612025 -0.19169523 0.21814565 0.38856629 0.89522415 14.22892475 71.42803192 413.52059937
-0.01491947 -0.91220254 0.40946725 0.97761875 -0.09925561 -0.18549894 0.20985420 0.39753509 0.89326626 12.16242599 74.35543823 414.76770020
-0.01387499 -0.90645140 0.42208114 0.97701597 -0.10209030 -0.18712968 0.21271409 0.40978330 0.88703316 7.79090786 72.40723419 411.38854980
0.00455990 -0.89731759 0.44136074 0.97072577 -0.10202182 -0.21744680 0.24014701 0.42943159 0.87058324 2.02598596 68.91625977 411.38299561
0.00029636 -0.89409810 0.44786981 0.97288269 -0.10333420 -0.20693363 0.23129897 0.43578592 0.86982113 -0.57823384 66.13720703 406.44909668
0.00025118 -0.89374584 0.44857231 0.97397560 -0.10145180 -0.20268056 0.22665311 0.43694904 0.87046039 -8.01035023 67.63919067 406.92687988
0.01443573 -0.88284028 0.46945018 0.96588433 -0.10909962 -0.23487234 0.25857133 0.45682481 0.85114592 -16.05225372 66.41151428 408.24096680
0.00808036 -0.89021033 0.45547700 0.96666318 -0.10962135 -0.23139945 0.25592390 0.44216233 0.85964692 -18.63845444 63.67912674 402.15316772
0.00901749 -0.88315183 0.46899933 0.96202207 -0.12030223 -0.24503288 0.27282259 0.45339698 0.84852600 -18.82799149 58.47628784 400.98834229
-0.00283882 -0.87568820 0.48286739 0.96002156 -0.13754784 -0.24380144 0.27991113 0.46287078 0.84106928 -11.66944599 57.32593155 395.64138794
0.00868534 -0.87174731 0.48987755 0.95798439 -0.13319905 -0.25401533 0.28668809 0.47150111 0.83396274 -10.86925125 51.76536179 392.04711914
0.00405660 -0.86848211 0.49570268 0.95675784 -0.14081021 -0.25453240 0.29085657 0.47529984 0.83035517 -11.04663086 47.88854980 390.16601562
0.00427678 -0.86174691 0.50731921 0.95474517 -0.14735757 -0.25835466 0.29739332 0.48546526 0.82211798 -12.14476013 46.48036957 390.77676392
0.01726141 -0.86056685 0.50904375 0.95500571 -0.13657430 -0.26327044 0.29608375 0.49068391 0.81948823 -11.64682865 43.93403625 390.54205322
0.02104178 -0.86355507 0.50381416 0.95476747 -0.13214462 -0.26637655 0.29660672 0.48663023 0.82171327 -12.73889923 43.09007645 390.34112549
-0.00351062 -0.88674134 0.46225125 0.95842981 -0.13486831 -0.25144058 0.28530544 0.44215259 0.85035235 -14.04258251 42.94911957 389.21682739
-0.10599852 -0.91807216 0.38197741 0.96339184 -0.18994889 -0.18919639 0.24625181 0.34793937 0.90459692 -15.72599030 41.22690964 384.78024292
-0.13238168 -0.91104770 0.39046925 0.97117323 -0.19800439 -0.13272735 0.19823532 0.36164257 0.91099656 -19.19046021 42.21408844 379.28994751
-0.11757679 -0.90705103 0.40426886 0.98460722 -0.15949218 -0.07148851 0.12932122 0.38964051 0.91184092 -20.05230331 41.47862244 370.90301514
-0.07930149 -0.90389884 0.42033017 0.99615735 -0.08757868 -0.00039365 0.03716759 0.41868368 0.90736991 -19.93310928 36.86499405 358.88204956
-0.04924808 -0.89533359 0.44266441 0.99006087 0.01469464 0.13986941 -0.13173464 0.44515285 0.88571018 -21.58117676 32.29122543 354.54586792
-0.04884419 -0.77555913 0.62938213 0.99780428 -0.06610834 -0.00402611 0.04472966 0.62780315 0.77708441 -28.70375824 25.92774773 358.89642334
-0.00432814 -0.81303132 0.58220327 0.99607790 -0.05495818 -0.06934268 0.08837432 0.57961947 0.81007963 -31.06343842 15.81189919 344.28500366
0.06594433 -0.91463602 0.39886287 0.99239653 0.01848523 -0.12168507 0.10392416 0.40385455 0.90889990 -31.00963020 18.29480934 325.67871094
0.00486334 -0.97216797 0.23423277 0.99746615 -0.01190891 -0.07013733 0.07097445 0.23398046 0.96964604 -27.09277725 14.80677223 303.61093140
0.22015774 -0.94324476 0.24863428 0.95784134 0.25727108 0.12787220 -0.18458135 0.21000020 0.96011835 -29.95209312 16.08827400 310.62918091
0.25852835 -0.94663364 0.19247557 0.94510770 0.28908280 0.15232256 -0.19983518 0.14253053 0.96940625 -29.19950485 6.41074276 314.51956177
0.16629972 -0.93681699 0.30776152 0.93880177 0.24589640 0.24121752 -0.30165425 0.24881265 0.92037737 -28.15817070 1.43302143 315.57751465
0.10876346 -0.88598627 0.45077461 0.80894589 0.34243128 0.47785664 -0.57773370 0.31267881 0.75395840 -26.95701027 -4.08979940 321.16934204
0.10320970 -0.86948997 0.48304638 0.75335622 0.38543269 0.53281868 -0.64946222 0.30891380 0.69481540 -27.79307938 -7.24282265 322.95989990
0.10114587 -0.86088240 0.49864814 0.71721333 0.41045541 0.56314373 -0.68947321 0.30067730 0.65895164 -28.29135132 -10.98458576 321.35134888
0.11604731 -0.85141540 0.51149195 0.66773826 0.44810775 0.59441119 -0.73529392 0.27256280 0.62052375 -27.58323288 -15.29718018 314.17639160
0.10455448 -0.84791809 0.51971382 0.64848906 0.45432672 0.61077714 -0.75400829 0.27316907 0.59736693 -28.18119240 -16.27679062 310.70584106
0.09447108 -0.84438556 0.52733994 0.64743942 0.45449775 0.61176276 -0.75623828 0.28362647 0.58962476 -28.87884712 -16.35185242 311.35946655
0.08921560 -0.84214336 0.53182185 0.64959097 0.45396090 0.60987782 -0.75503051 0.29105583 0.58754838 -28.75677490 -17.04909515 309.53314209
0.08282243 -0.84753633 0.52423465 0.66868800 0.43730378 0.60134977 -0.73891515 0.30074391 0.60295528 -28.31320572 -14.84844875 311.75030518
0.07950968 -0.84561950 0.52783072 0.65871978 0.44199345 0.60887605 -0.74817455 0.29928073 0.59216839 -28.90498161 -13.81413937 312.00244141
0.06638628 -0.83382475 0.54802257 0.63658208 0.45832893 0.62024009 -0.76834548 0.30768546 0.56122410 -31.13155746 -13.27097511 309.64538574
-0.22333983 -0.70278454 0.67543513 0.58572978 0.45711562 0.66930264 -0.77912700 0.54510349 0.30954933 -42.44237518 -20.51685905 315.60400391
-0.26529685 -0.57762778 0.77198654 0.46462041 0.62498963 0.62730849 -0.84483379 0.52510267 0.10256983 -48.61962891 -25.69183922 293.51028442
-0.20440660 -0.57353985 0.79326504 0.60284346 0.56471097 0.56363195 -0.77123070 0.59342372 0.23032390 -57.54297638 -28.70668030 275.98880005
-0.24361162 -0.48974824 0.83713776 0.60241026 0.60004842 0.52634925 -0.76010162 0.63252413 0.14885047 -56.82324982 -24.14233017 262.42749023
-0.13658489 -0.39205858 0.90974402 0.59775716 0.69970167 0.39128453 -0.78995574 0.59724855 0.13878720 -62.02790070 -23.32007599 258.88198853
-0.03728178 -0.46623746 0.88387346 0.65828890 0.65399933 0.37274715 -0.75184125 0.59573954 0.28253657 -67.60445404 -23.15609360 265.10305786
-0.31751159 -0.42818880 0.84607345 0.67607236 0.52341986 0.51861143 -0.66491538 0.73667079 0.12329450 -66.34734344 -21.88141632 250.92835999
-0.34405220 -0.42143539 0.83905888 0.69121367 0.49112931 0.53010923 -0.63549340 0.76235282 0.12232746 -66.36649323 -19.77405930 248.75674438
-0.37391174 -0.40696061 0.83341020 0.72105372 0.43761355 0.53719270 -0.58332813 0.80179489 0.12981124 -65.74949646 -18.27023125 245.47656250
-0.37045273 -0.41497749 0.83099812 0.73483592 0.41628495 0.53546542 -0.56813848 0.80901057 0.15072604 -63.95116806 -16.75017738 243.52461243
-0.37758073 -0.40790713 0.83129060 0.72241706 0.43183720 0.54002804 -0.57926381 0.80444151 0.13162524 -64.38342285 -14.43900776 244.26855469
-0.37615663 -0.41394794 0.82894659 0.72584522 0.42441791 0.54131156 -0.57589507 0.80530381 0.14081407 -64.45698547 -13.96685410 244.49226379
-0.38523194 -0.40733364 0.82805479 0.74974710 0.38500565 0.53819156 -0.53802991 0.82815921 0.15708025 -62.14273071 -10.58206463 242.58743286
-0.40619797 -0.36152890 0.83922529 0.76281530 0.37149411 0.52924955 -0.50310695 0.85515314 0.12487917 -59.09656906 0.54944241 246.64283752
-0.36111155 -0.34817460 0.86508495 0.82657391 0.30996132 0.46978703 -0.43171144 0.88470131 0.17586103 -56.67174149 11.85658932 256.90246582
-0.24150264 -0.44522920 0.86223340 0.92096168 0.17483284 0.34822926 -0.30578947 0.87818134 0.36781603 -52.15130997 20.92551613 251.24807739
-0.11632534 -0.62760490 0.76979190 0.99260092 -0.10063010 0.06795122 0.03481655 0.77200007 0.63466674 -47.20789719 31.01842117 268.86282349
-0.07831385 -0.67742771 0.73140818 0.99593949 -0.02048292 0.08766617 -0.04440721 0.73530304 0.67628056 -43.04562759 36.79790878 281.46270752
-0.08946509 -0.70819706 0.70032293 0.99596554 -0.05866623 0.06790654 -0.00700704 0.70357186 0.71058792 -42.78374100 36.78796768 287.85238647
-0.09476041 -0.71136427 0.69640547 0.99525976 -0.05232286 0.08197843 -0.02187972 0.70087177 0.71295005 -44.23493958 36.59631729 289.85226440
-0.10503176 -0.73116791 0.67406321 0.99432182 -0.06555007 0.08383024 -0.01711021 0.67903948 0.73390067 -43.34906387 35.57576752 290.54400635
-0.10664634 -0.78475571 0.61056095 0.99397475 -0.09978265 0.04536545 0.02532141 0.61171913 0.79066813 -42.54231262 35.56155014 291.48336792
-0.09097207 -0.84223884 0.53137338 0.99425226 -0.04656706 0.09640719 -0.05645445 0.53708839 0.84163326 -41.43578720 36.04434204 293.74914551
-0.08679768 -0.80368316 0.58869296 0.99575788 -0.05187053 0.07600161 -0.03054651 0.59279108 0.80477542 -39.22087860 39.61710358 299.71768188
-0.06780493 -0.76370144 0.64199877 0.99657410 -0.02129687 0.07991886 -0.04736264 0.64521700 0.76252860 -37.38358307 49.19842148 309.75576782
-0.06375980 -0.82822210 0.55676085 0.99612445 -0.08669039 -0.01488355 0.06059150 0.55365306 0.83053905 -40.11552048 65.22630310 320.01303101
-0.03890003 -0.81657326 0.57592946 0.98919803 -0.11298894 -0.09338691 0.14132965 0.56607443 0.81214750 -39.00251389 86.25175476 332.29937744
0.00370079 -0.83959025 0.54320747 0.99061555 -0.07114054 -0.11670553 0.13662769 0.53854054 0.83144736 -39.07164383 101.64204407 340.33154297
0.11038957 -0.82496196 0.55430275 0.96680403 -0.04018078 -0.25234047 0.23044240 0.56375694 0.79314083 -35.17868042 108.53505707 347.84265137
0.11702098 -0.82420069 0.55407494 0.95644504 -0.05670508 -0.28635263 0.26742965 0.56345046 0.78166682 -33.96126938 110.97935486 349.89025879
0.11625127 -0.81422430 0.56879181 0.95679551 -0.06186011 -0.28410581 0.26651010 0.57724410 0.77185476 -33.87092972 109.85821533 351.37722778
0.11850803 -0.81123567 0.57258373 0.94823992 -0.07863332 -0.30766603 0.29461256 0.57940644 0.75992733 -32.71544266 103.90271759 351.30392456
0.12654701 -0.81126726 0.57081586 0.94373721 -0.07877333 -0.32117838 0.30552527 0.57934314 0.75565469 -32.03761673 100.00319672 352.20468140
0.12231108 -0.81191385 0.57081985 0.93756258 -0.09416310 -0.33482894 0.32560098 0.57613146 0.74970305 -33.00719452 93.15262604 353.62432861
0.12445131 -0.81238818 0.56968117 0.92503047 -0.11269800 -0.36279255 0.35892892 0.57212138 0.73745865 -35.48390579 81.55152893 350.35961914
0.13055357 -0.82222819 0.55398196 0.89131367 -0.14736396 -0.42877084 0.43418297 0.54974836 0.71362472 -34.87321854 72.71131134 347.29754639
0.14495000 -0.82265997 0.54974490 0.85670781 -0.17362289 -0.48570305 0.49501535 0.54137254 0.67961311 -31.18513489 69.59870148 343.37716675
0.16681963 -0.82414073 0.54126024 0.82453907 -0.18440622 -0.53491145 0.54065269 0.53552312 0.64877421 -23.32523155 68.69983673 337.65869141
0.17883696 -0.82014138 0.54349327 0.78742701 -0.21188742 -0.57884622 0.58989376 0.53147966 0.60790884 -16.46443176 63.12965393 329.54586792
0.19285250 -0.82001531 0.53887129 0.76045364 -0.22215417 -0.61021179 0.62009418 0.52746683 0.58074141 -10.38325882 63.92865372 323.16314697
0.20559254 -0.82103902 0.53256541 0.72924858 -0.23437904 -0.64285576 0.65263057 0.52053821 0.55055588 -9.17095757 69.38024139 322.91897583
0.22850214 -0.82030052 0.52430254 0.68797487 -0.24498916 -0.68313348 0.68882197 0.51680392 0.50836653 -3.49881458 69.39242554 322.14535522
0.24197128 -0.82869267 0.50469577 0.65962195 -0.24097420 -0.71192044 0.71158081 0.50517213 0.48831594 -5.55141115 71.83492279 321.11019897
0.24832775 -0.82934707 0.50051564 0.65325934 -0.23814160 -0.71870810 0.71525097 0.50544101 0.48264256 -6.43336964 74.37703705 321.67367554
0.24933480 -0.81903660 0.51673043 0.68193203 -0.23036766 -0.69419008 0.68760407 0.52546000 0.50108957 -3.49931741 75.77363586 322.53240967
0.24597953 -0.80358958 0.54197484 0.70847464 -0.23253419 -0.66632718 0.66148043 0.54787755 0.51212525 1.08104563 70.01921844 323.88845825
0.23337683 -0.78654271 0.57173818 0.74496645 -0.23326491 -0.62499040 0.62494743 0.57178336 0.53151035 11.06077194 59.99310303 324.58807373
0.20974323 -0.77198696 0.60003555 0.78211838 -0.23581710 -0.57678562 0.58676904 0.59027505 0.55432522 21.49230957 46.17205048 326.99984741
0.20679440 -0.76385921 0.61135441 0.81438333 -0.21191721 -0.54025126 0.54223174 0.60959691 0.57825184 26.27898407 38.97192001 331.97949219
0.19414978 -0.77255529 0.60453558 0.84933186 -0.17598210 -0.49766067 0.49085709 0.61007118 0.62198985 25.98504257 29.28861427 337.76501465
0.17202687 -0.77457416 0.60863858 0.87049174 -0.16969928 -0.46200296 0.46114028 0.60929072 0.64506853 26.67387390 21.85616302 342.91802979
0.17263202 -0.77526873 0.60758203 0.88329858 -0.15111221 -0.44378933 0.43586835 0.61328745 0.65870792 28.07632256 17.09226990 346.19921875
0.15689844 -0.78310239 0.60177493 0.89802164 -0.14046332 -0.41692603 0.41102222 0.60582078 0.68120539 25.30039787 16.44779587 346.20651245
0.14705734 -0.78663224 0.59965277 0.90294385 -0.14073972 -0.40606025 0.40381420 0.60116571 0.68958879 28.69468880 18.79186630 341.44458008
0.11255652 -0.80587178 0.58129281 0.91538298 -0.14347368 -0.37615103 0.38652885 0.57444257 0.72153300 37.04086685 21.77094269 332.24047852
-0.01854995 -0.96566463 0.25912815 0.88694835 -0.13552111 -0.44153950 0.46149528 0.22164148 0.85900867 42.51343918 25.40874100 338.38558960
0.08893656 -0.95914978 0.26855460 0.87917060 -0.05112758 -0.47375703 0.46813351 0.27823824 0.83870918 62.22921753 24.38511467 330.74447632
0.18283358 -0.91869736 0.35009539 0.92845684 0.04423542 -0.36879760 0.32332593 0.39247561 0.86105865 81.66541290 22.83507347 345.66043091
-0.02697130 -0.95702153 0.28875944 0.96724027 -0.09792812 -0.23421508 0.25242546 0.27298146 0.92831087 90.31519318 27.01246643 372.58032227
-0.12240851 -0.96586466 0.22830038 0.94848597 -0.18157341 -0.25962669 0.29221630 0.18475807 0.93833488 75.70880127 19.48299980 327.86419678
-0.00782533 -0.93751651 0.34785193 0.90135092 -0.15724872 -0.40353441 0.43301830 0.31037757 0.84626186 64.16728210 11.14418793 300.97610474
0.01614203 -0.94924849 0.31411153 0.86977905 -0.14162205 -0.47268209 0.49317667 0.28083628 0.82335049 72.89633942 16.66133881 313.66943359
-0.15708284 -0.91830498 0.36337328 0.96784794 -0.21633802 -0.12833185 0.19645804 0.33153000 0.92276233 68.69310760 23.20654678 332.19696045
-0.14407501 -0.85510510 0.49803308 0.98662621 -0.08535495 0.13886701 -0.07623722 0.51137841 0.85596633 61.76831436 25.14358902 337.31121826
-0.20116901 -0.79561782 0.57142168 0.97384071 -0.09951098 0.20428599 -0.10567178 0.59756839 0.79482317 53.67695618 24.94868660 352.69293213
-0.21051127 -0.77397513 0.59719920 0.97696173 -0.14462639 0.15693884 -0.03509705 0.61647689 0.78658938 46.72959900 28.92327309 370.02612305
-0.28865176 -0.85072160 0.43926308 0.95610327 -0.28031006 0.08540320 0.05047434 0.44463167 0.89428937 56.77579880 33.20576477 392.03820801
-0.36532256 -0.92418897 0.11141440 0.93046105 -0.36612949 0.01386618 0.02797596 0.10873170 0.99367666 60.99957275 28.65864372 419.18307495
-0.24224566 -0.96718013 0.07667176 0.96720856 -0.24695598 -0.05933797 0.07632396 0.05978239 0.99528855 59.15345383 23.25634766 437.42095947
0.03158785 -0.98371512 0.17693374 0.99937689 0.02829338 -0.02111658 0.01576586 0.17748937 0.98399568 52.66430664 26.69770050 475.33639526
-0.10915857 -0.84675092 0.52066892 0.99318737 -0.11440140 0.02217294 0.04078935 0.51954114 0.85347056 45.87800598 27.26661301 455.67520142
-0.19188106 -0.64785814 0.73719788 0.97855693 -0.18361624 0.09333812 0.07489059 0.73929894 0.66919881 46.32241821 25.59498215 455.48739624
-0.18654989 -0.56507903 0.80366910 0.97867429 -0.17849633 0.10166682 0.08600114 0.80549544 0.58632720 49.65631866 26.47674370 453.79217529
-0.18887116 -0.58399230 0.78948069 0.97989506 -0.16471636 0.11258069 0.06429302 0.79487091 0.60336167 47.98774719 24.31955910 442.43133545
-0.19526333 -0.52717853 0.82701510 0.97954440 -0.14664647 0.13779631 0.04863444 0.83700418 0.54502976 47.69279861 21.80566597 436.09484863
-0.14315651 -0.60770255 0.78115487 0.98766959 -0.13825670 0.07344484 0.06336615 0.78203654 0.62000203 41.76138306 21.19709206 388.72351074
0.10365202 -0.76002800 0.64157045 0.90532619 -0.19502133 -0.37729466 0.41187355 0.61993766 0.66785961 40.07881927 29.48210907 356.13604736
0.10193865 -0.76840717 0.63178951 0.89441270 -0.20721880 -0.39634106 0.43546918 0.60548300 0.66615033 44.44237900 24.30560875 354.73455811
0.11897834 -0.77611315 0.61926705 0.88598257 -0.19855061 -0.41906154 0.44819424 0.59851885 0.66400039 45.69890976 15.92709827 356.09210205
0.11612605 -0.76897752 0.62863946 0.88134843 -0.21205652 -0.42220509 0.45797256 0.60307908 0.65311271 52.42605972 16.47384644 360.54003906
0.12320561 -0.75742233 0.64119494 0.88724583 -0.20535661 -0.41306615 0.44453841 0.61978930 0.64671957 53.81712723 23.47962761 362.60275269
0.16340432 -0.69670105 0.69850260 0.89869481 -0.18696955 -0.39672452 0.40699637 0.69256669 0.59557080 61.57974625 37.48182297 373.13940430
0.16264609 -0.69147819 0.70384914 0.90440869 -0.18069796 -0.38651443 0.39444962 0.69943196 0.59598976 45.12355804 47.16511154 386.20669556
0.17852856 -0.68814224 0.70326895 0.90134805 -0.17225777 -0.39736548 0.39458671 0.70483094 0.58950335 20.72107697 43.00450897 394.13232422
0.16042371 -0.70291144 0.69294965 0.90018773 -0.18378122 -0.39482510 0.40487736 0.68712401 0.60326988 8.32821369 38.24798584 399.30599976
0.16759637 -0.68056488 0.71326184 0.89912099 -0.19121909 -0.39372200 0.40434179 0.70729512 0.57986301 1.05167723 35.38770676 406.77822876
0.18485323 -0.68329960 0.70635009 0.89413732 -0.18134823 -0.40942836 0.40785673 0.70725822 0.57744139 -5.43950558 41.30157852 414.03567505
0.18448636 -0.69258255 0.69734764 0.89032841 -0.18274486 -0.41703704 0.41626850 0.69780618 0.58291250 -7.95425701 36.30119324 410.15811157
0.18627140 -0.68984061 0.69958735 0.88226223 -0.19588599 -0.42806780 0.43233714 0.69695640 0.57213300 -7.63942003 28.26119041 407.63140869
0.18132105 -0.69504774 0.69572324 0.87600720 -0.20734592 -0.43545246 0.44691488 0.68841553 0.57127154 -5.89083433 21.44793320 406.12860107
0.19576803 -0.69792718 0.68889195 0.87001956 -0.20052387 -0.45039523 0.45248157 0.68752265 0.56795508 -7.59989166 16.56702042 401.27023315
0.19140328 -0.69633943 0.69171935 0.87149972 -0.20361570 -0.44612613 0.45149946 0.68822348 0.56788796 -2.28942895 15.14635849 399.58508301
0.18723848 -0.68478525 0.70428002 0.86124235 -0.23038197 -0.45297387 0.47244266 0.69137013 0.54663086 1.59478211 9.41248035 396.89926147
0.19683453 -0.68522757 0.70122671 0.87571436 -0.19874710 -0.44002667 0.44088459 0.70068681 0.56094456 2.60449409 7.74407339 397.91290283
0.20500681 -0.69067359 0.69349957 0.87425637 -0.18934603 -0.44701603 0.44005299 0.69793785 0.56500977 2.30864120 4.58061028 392.43774414
0.20512755 -0.70023841 0.68380427 0.87905943 -0.17536758 -0.44328341 0.43032071 0.69203424 0.57957971 0.56013715 1.93883383 388.99456787
0.25488782 -0.58977735 0.76628613 0.95040232 0.00673210 -0.31094941 0.17823155 0.80753738 0.56224275 -6.61216831 -7.93761730 366.53735352
0.22370899 -0.64565659 0.73012418 0.97293663 0.10346471 -0.20661238 0.05785778 0.75658548 0.65132993 -19.59566498 -11.29425240 354.96624756
0.19965485 -0.44143769 0.87479711 0.97986126 0.09268211 -0.17686541 -0.00300381 0.89249194 0.45105326 -32.48234940 -9.18440723 345.40332031
0.20746131 -0.40793291 0.88912868 0.97820377 0.09464253 -0.18482395 -0.00875444 0.90809292 0.41867721 -35.35112762 -11.27294445 341.50079346
0.19816560 -0.38879958 0.89975810 0.98016781 0.07776529 -0.18227237 0.00089665 0.91803408 0.39650029 -34.13634109 -10.32875538 335.22454834
0.19709405 -0.36720103 0.90901971 0.98037344 0.06948373 -0.18449759 0.00458480 0.92754239 0.37369004 -34.00221252 -10.81261730 331.15792847
0.20902967 -0.35277435 0.91206157 0.97789389 0.08055527 -0.19296034 -0.00540074 0.93223417 0.36181545 -32.96026993 -11.91446400 327.49902344
0.25239873 -0.58651501 0.76960683 0.96236724 0.06937407 -0.26274717 0.10071368 0.80696130 0.58195382 -23.76843262 -25.64508438 353.61318970
0.33450785 -0.57077098 0.74988294 0.91523570 0.00711260 -0.40285552 0.22460404 0.82107800 0.52477038 -13.75645447 -44.92586517 376.61425781
0.34402326 -0.52120578 0.78101975 0.90537834 -0.03633322 -0.42304811 0.24887151 0.85265690 0.45939010 -12.64708614 -50.65943527 386.25152588
0.33913437 -0.56669599 0.75089473 0.90713173 -0.01444304 -0.42059842 0.24919604 0.82379985 0.50917119 -13.72862434 -44.75185013 389.32803345
0.30432156 -0.78469664 0.54003614 0.89629966 0.04391945 -0.44126800 0.32254285 0.61832124 0.71669042 -11.37497711 -35.42963409 387.59542847
0.27206933 -0.83970749 0.46996734 0.89847589 0.04679974 -0.43652076 0.34455472 0.54101765 0.76719111 -8.08447552 -22.64862061 377.13024902
0.23717496 -0.81071150 0.53525174 0.87881404 -0.05577614 -0.47389272 0.41404396 0.58278173 0.69923759 -4.95353460 -5.32341862 379.47674561
0.21440120 -0.78842551 0.57655585 0.87260258 -0.11060533 -0.47574228 0.43885705 0.60510343 0.66426998 -4.75062466 3.03886485 378.45434570
0.22267058 -0.79547316 0.56359512 0.85906821 -0.11320154 -0.49918613 0.46088862 0.59532034 0.65816075 -7.51165867 6.19187784 377.38302612
0.22135140 -0.80383801 0.55212975 0.86206830 -0.10339040 -0.49613339 0.45589536 0.58579302 0.67007923 -6.09213161 8.64602757 373.24783325
0.24272282 -0.79001212 0.56299716 0.86168593 -0.09101554 -0.49921227 0.44562477 0.60629666 0.65865248 -5.65834618 9.43916702 368.19436646
0.23559514 -0.79442966 0.55979973 0.85741413 -0.10126930 -0.50456399 0.45753074 0.59885263 0.65729839 -4.91488314 5.74551439 363.16085815
0.22781110 -0.79311782 0.56485885 0.85689944 -0.11219365 -0.50312537 0.46241090 0.59864444 0.65406495 -4.50661087 1.44757032 361.26849365
0.22061394 -0.80856031 0.54548967 0.85685921 -0.10651468 -0.50442660 0.46596146 0.57869101 0.66932553 -7.62931108 0.77001750 361.47879028
0.22351688 -0.81377691 0.53647602 0.85398155 -0.10181386 -0.51024419 0.46984515 0.57218832 0.67219490 -8.86815071 -0.61102974 356.96380615
0.22980702 -0.81407726 0.53335363 0.84254724 -0.10788894 -0.52770609 0.48713601 0.57064575 0.66110659 -7.55932856 -1.74085855 349.76693726
0.23514467 -0.81786299 0.52517247 0.84808981 -0.09130665 -0.52192557 0.47481489 0.56812090 0.67215282 -4.73868370 -0.60679924 342.69229126
