-0.00987794 -0.99918240 0.03920229 0.99376494 -0.00545516 0.11136234 -0.11105745 0.04005789 0.99300641 1.20779824 -1.34046841 459.10330200
-0.01599953 -0.99740165 0.07024188 0.99975693 -0.01489269 0.01625312 -0.01516481 0.07048488 0.99739754 0.32033771 -8.05620289 451.11288452
-0.02008359 -0.99721932 0.07176419 0.99510646 -0.02688339 -0.09507966 0.09674456 0.06950348 0.99287969 -2.98320532 -28.36215401 450.46981812
0.02315098 -0.99793524 0.05990786 0.99411690 0.01663742 -0.10702588 0.10580819 0.06203318 0.99244994 -8.48695564 -45.70178223 435.88973999
0.00004293 -0.99799061 0.06335966 0.99303836 -0.00742064 -0.11755653 0.11779049 0.06292363 0.99104303 -8.28699684 -35.56490707 428.49414062
-0.00599356 -0.99850428 0.05434063 0.99014062 -0.01353096 -0.13942103 0.13994779 0.05296925 0.98874104 -6.98125410 -25.35916710 419.22570801
-0.01549326 -0.99730313 0.07173713 0.99398381 -0.02314218 -0.10705327 0.10842474 0.06964694 0.99166185 -7.17004061 -17.06786156 413.06634521
-0.01172640 -0.99955726 0.02734097 0.99148369 -0.01516968 -0.12934442 0.12970197 0.02559137 0.99122274 -11.25051498 -7.78679562 399.38726807
-0.00760391 -0.99944770 0.03234519 0.99122387 -0.01180247 -0.13166586 0.13197497 0.03106013 0.99076647 -12.90170479 -2.75933313 395.53698730
-0.01591003 -0.99960452 0.02317585 0.98795325 -0.01928456 -0.15354550 0.15393186 0.02045373 0.98786992 -12.90280533 -13.83858204 388.02865601
-0.01959842 -0.99902683 0.03950248 0.97567612 -0.02773869 -0.21745400 0.21833834 0.03427988 0.97527111 -19.35794067 -24.39682198 386.33163452
-0.00978646 -0.99968028 0.02329668 0.96360922 -0.01565218 -0.26685506 0.26713464 0.01983733 0.96345526 -22.98029518 -27.99112511 380.38897705
0.01515947 -0.99960333 0.02371554 0.94662631 0.00671038 -0.32226247 0.32197580 0.02733507 0.94635338 -28.05448532 -24.36433029 382.11526489
0.00161656 -0.99926949 0.03817001 0.94414783 -0.01105258 -0.32933626 0.32951781 0.03657052 0.94344109 -32.21934509 -16.65817261 378.36068726
0.04267609 -0.99825448 0.04081283 0.94301224 0.02675395 -0.33168030 0.33000973 0.05264183 0.94250876 -30.26455307 -11.16625214 375.92813110
0.00265672 -0.99380839 0.11107121 0.91523212 -0.04233646 -0.40069640 0.40291810 0.10272053 0.90945357 -20.23472786 -20.53721237 381.99185181
-0.04046533 -0.99820644 0.04410836 0.92501271 -0.05411552 -0.37606254 0.37777519 0.02558327 0.92554402 -11.52301979 -31.26092911 369.71408081
0.01546347 -0.97685319 0.21334977 0.90368921 -0.07766234 -0.42108709 0.42790970 0.19931348 0.88157111 -10.05351925 -42.89742661 361.55636597
0.01594020 -0.97456855 0.22352068 0.88764209 -0.08911055 -0.45183066 0.46025825 0.20560871 0.86364788 -12.46733475 -55.28367233 365.41311646
0.06185625 -0.95210153 0.29945949 0.88882148 -0.08394805 -0.45049891 0.45405999 0.29403234 0.84105581 -5.03867865 -54.48015594 366.85400391
0.07877119 -0.93805099 0.33742413 0.88966584 -0.08656068 -0.44833270 0.44976687 0.33551064 0.82773358 -4.53429556 -58.05719376 361.65484619
0.08126745 -0.92078060 0.38152108 0.87380761 -0.11830878 -0.47166058 0.47943345 0.37170681 0.79497051 -14.35804653 -62.34119034 364.42800903
0.08252189 -0.91705811 0.39012122 0.87590080 -0.11998796 -0.46733373 0.47538218 0.38027295 0.79335028 -20.41303444 -60.20851135 364.66531372
0.07482313 -0.90809351 0.41202894 0.87359309 -0.13955654 -0.46621791 0.48087090 0.39482981 0.78286207 -22.02676201 -58.11166382 365.81509399
0.07312948 -0.89829499 0.43326461 0.87205571 -0.15319440 -0.46481213 0.48391226 0.41182265 0.77216017 -22.40964890 -55.89887619 367.70022583
0.06245895 -0.88422740 0.46286163 0.86565745 -0.18281996 -0.46606240 0.49672556 0.42978960 0.75401896 -20.33985519 -61.42666626 366.92211914
0.05435074 -0.87600327 0.47923285 0.86100459 -0.20194377 -0.46678692 0.50568515 0.43799210 0.74326676 -17.28595352 -62.34640503 367.63613892
0.04927414 -0.87502992 0.48155439 0.86170685 -0.20653695 -0.46346968 0.50500882 0.43779585 0.74384189 -17.75462532 -61.09720612 367.44808960
0.05343959 -0.87501907 0.48112985 0.86372209 -0.20129415 -0.46202317 0.50112772 0.44025293 0.74501556 -18.20993042 -61.46855545 365.99319458
0.05087816 -0.87641197 0.47886685 0.86291546 -0.20281263 -0.46286553 0.50278109 0.43677142 0.74595010 -15.23415565 -61.01395416 367.12808228
0.05538732 -0.87482995 0.48125330 0.86159778 -0.20169221 -0.46580043 0.50456113 0.44044626 0.74257970 -13.04945946 -58.44339752 365.65057373
0.06211744 -0.86672485 0.49490359 0.87069011 -0.19533747 -0.45137858 0.48789409 0.45894620 0.74251407 -4.81641579 -56.77640533 364.37890625
0.06487475 -0.85206681 0.51939708 0.84898418 -0.22640592 -0.47745866 0.52442104 0.47193494 0.70870250 -2.69964957 -63.18452072 358.92214966
0.08668991 -0.83666617 0.54080909 0.84375459 -0.22696479 -0.48638010 0.52968216 0.49847445 0.68626463 1.72838712 -77.58098602 353.66650391
0.09916281 -0.83411205 0.54260832 0.84516865 -0.21721891 -0.48837107 0.52522075 0.50702381 0.68342453 0.09108021 -80.92664337 351.25399780
0.08668122 -0.83845061 0.53803986 0.84601635 -0.22323385 -0.48417282 0.52606356 0.49715930 0.68999201 2.68672466 -81.77683258 346.98168945
0.07687131 -0.84827238 0.52395123 0.85288978 -0.21623163 -0.47520855 0.51640087 0.48340264 0.70685995 1.41818416 -80.62167358 344.92733765
0.07929093 -0.92848635 0.36280334 0.85510027 -0.12371210 -0.50348681 0.51236337 0.35015547 0.78413880 3.26367521 -78.73506927 344.10980225
0.07631717 -0.93604463 0.34350583 0.85813403 -0.11376615 -0.50066274 0.50772148 0.33298355 0.79456866 1.50966489 -79.17701721 340.92956543
0.08729017 -0.93558979 0.34212896 0.84785497 -0.11053102 -0.51857960 0.52299321 0.33534303 0.78359532 1.26596344 -80.56549835 344.02310181
0.06926224 -0.89409149 0.44249666 0.85104054 -0.17847870 -0.49383715 0.52051133 0.41078714 0.74854547 1.94282961 -75.28487396 349.01376343
0.04474705 -0.73485094 0.67675066 0.85779989 -0.31895003 -0.40305075 0.51203161 0.59855193 0.61608243 -12.53044987 -69.55516052 354.25131226
0.05420458 -0.47987106 0.87566274 0.86455530 -0.41622084 -0.28160980 0.49960509 0.77232313 0.39231345 -22.47034264 -64.53141785 349.00067139
0.05676278 -0.22738160 0.97214973 0.86334461 -0.47784400 -0.16217545 0.50141126 0.84850538 0.16918445 -32.89184952 -60.18883133 350.92034912
0.05216874 -0.20414655 0.97754902 0.85348523 -0.49912676 -0.14978307 0.51849824 0.84213734 0.14819682 -31.62034416 -57.83168030 344.36169434
0.05809571 -0.19920789 0.97823340 0.86081266 -0.48626843 -0.15014629 0.50559425 0.85079825 0.14323018 -28.49748802 -52.20393372 345.19628906
0.05669473 -0.19689789 0.97878331 0.86341244 -0.48257935 -0.14709066 0.50130224 0.85343248 0.14264400 -26.64570236 -50.47421646 345.71832275
0.06058345 -0.19567117 0.97879636 0.86460763 -0.47971657 -0.14941591 0.49878097 0.85532647 0.14011556 -26.45127487 -47.55987167 345.16400146
0.05228394 -0.19138211 0.98012203 0.86517572 -0.48148039 -0.14016794 0.49873495 0.85530585 0.14040510 -20.66690445 -46.71290970 343.61358643
0.05998309 -0.17595546 0.98256886 0.85231698 -0.50333250 -0.14216703 0.51957381 0.84598714 0.11977806 -12.19927502 -45.43930435 344.90594482
0.04886771 -0.17886825 0.98265862 0.86176163 -0.48983443 -0.13201770 0.50495380 0.85326809 0.13020435 -5.81342888 -41.83315277 345.67684937
0.05425141 -0.18041426 0.98209333 0.85909843 -0.49285513 -0.13799666 0.50892627 0.85120070 0.12825517 1.50393653 -39.55911636 346.68908691
0.03859372 -0.19961204 0.97911465 0.84869224 -0.51068246 -0.13756585 0.52747643 0.83627534 0.14969964 4.58281755 -38.53767776 350.68850708
0.06559782 -0.17708939 0.98200625 0.85823405 -0.49203640 -0.14606111 0.50904858 0.85237169 0.11970726 5.17846298 -37.05131531 352.81027222
0.06132524 -0.18635850 0.98056597 0.86089194 -0.48725575 -0.14644484 0.50507754 0.85314155 0.13055307 3.01528549 -37.32544708 352.18615723
0.05513160 -0.18762934 0.98069143 0.85827297 -0.49299142 -0.14257060 0.51022285 0.84956044 0.13385737 3.50240707 -39.19665527 348.41622925
0.06595112 -0.18489610 0.98054248 0.85232288 -0.50052923 -0.15170951 0.51884067 0.84574366 0.12458027 8.85196304 -44.61358261 344.14923096
0.07270185 -0.19237731 0.97862417 0.85702193 -0.48982298 -0.15995724 0.51012480 0.85033095 0.12926011 9.18379879 -52.74394608 339.01013184
0.08221069 -0.17874235 0.98045510 0.86182827 -0.48129946 -0.16000746 0.50049269 0.85813785 0.11447679 6.63263893 -53.17584229 336.23352051
0.06643406 -0.19715554 0.97811854 0.83695692 -0.52267921 -0.16220076 0.54322094 0.82941836 0.13028651 4.75744247 -57.96656036 342.52294922
0.07852504 -0.15790449 0.98432708 0.82944435 -0.53740329 -0.15237878 0.55304170 0.82840955 0.08877292 2.05717087 -63.13863754 345.49291992
0.08534811 -0.18651412 0.97873789 0.83727825 -0.51904374 -0.17192464 0.54007387 0.83414888 0.11186436 -0.44094789 -65.71168518 338.61080933
0.04469802 -0.16383463 0.98547447 0.87374508 -0.47183463 -0.11807262 0.48432517 0.86633050 0.12205915 -1.45821989 -65.88520813 339.83068848
0.05053893 0.01976150 0.99852639 0.83246905 -0.55319273 -0.03118615 0.55176103 0.83281785 -0.04440897 -9.53715611 -71.17482758 344.35617065
0.11030687 0.30379251 0.94633102 0.86659509 -0.49561834 0.05809149 0.48666653 0.81367725 -0.31793547 -13.82140064 -68.95935822 332.31704712
0.08712327 0.41292888 0.90658665 0.86403769 -0.48427325 0.13754083 0.49582997 0.77134132 -0.39897779 -21.33124924 -67.45399475 330.44259644
0.09213874 0.43955749 0.89347619 0.86360198 -0.48194820 0.14804289 0.49568224 0.75796676 -0.42400903 -21.68478584 -63.20226669 329.71350098
0.09794330 0.45411667 0.88554233 0.86351788 -0.48111397 0.15121371 0.49471501 0.74987066 -0.43925995 -18.44485855 -61.99656677 326.93670654
0.09456030 0.45393759 0.88600177 0.86341780 -0.48041341 0.15398699 0.49554712 0.75042796 -0.43736604 -15.98448563 -62.21775055 325.11636353
0.09306824 0.44256073 0.89189595 0.86234820 -0.48359305 0.14997511 0.49768737 0.75516629 -0.42664891 -17.44137001 -64.05725098 323.91857910
0.09096291 0.44910032 0.88883889 0.85749298 -0.48917630 0.15940942 0.50638950 0.74767232 -0.42959759 -19.15558243 -67.37557220 323.33526611
0.09068231 0.45942980 0.88357282 0.85214132 -0.49496016 0.16990724 0.51539361 0.73752093 -0.43638355 -23.60947227 -71.34348297 321.93109131
0.08841339 0.44058424 0.89334685 0.84960860 -0.50151056 0.16325235 0.51994908 0.74456102 -0.41866475 -35.60471344 -70.56808472 319.90747070
0.03589636 0.37001330 0.92833275 0.82989514 -0.52856481 0.17858459 0.55676240 0.76400775 -0.32604614 -50.97609329 -64.70619965 313.20639038
0.02263862 0.38362718 0.92321050 0.79594123 -0.56569839 0.21555039 0.60494936 0.72994113 -0.31815168 -53.08732605 -58.34289551 306.21560669
-0.00095744 0.36054319 0.93274194 0.77199405 -0.59261143 0.22986129 0.63562799 0.72029078 -0.27777016 -47.55026245 -50.95153809 289.49624634
-0.00249527 0.37495202 0.92704064 0.77209210 -0.58842057 0.24007159 0.63550478 0.71635920 -0.28802952 -39.89468384 -44.34739304 284.01681519
-0.01196167 0.35600314 0.93440789 0.72035259 -0.64504087 0.25497779 0.69350410 0.67615253 -0.24873230 -31.43382645 -35.75344849 280.45269775
-0.00614997 0.34251779 0.93949091 0.72040272 -0.65007073 0.24171734 0.69352794 0.67829782 -0.24275309 -29.10981560 -30.54803276 281.06329346
-0.01456148 0.33635476 0.94162250 0.70616710 -0.66325194 0.24783905 0.70789468 0.66855115 -0.22786501 -28.17871475 -32.53698730 280.34976196
-0.01946470 0.33612603 0.94161546 0.70666552 -0.66161263 0.25078204 0.70727915 0.67028815 -0.22465084 -26.53848457 -33.61440659 281.49746704
-0.02100839 0.34513199 0.93831867 0.70344454 -0.66181016 0.25917643 0.71043885 0.66549969 -0.22887789 -25.05369186 -33.47713470 284.58410645
-0.02060018 0.34897363 0.93690580 0.71469551 -0.65015894 0.25788203 0.69913149 0.67491430 -0.23601678 -22.45023727 -33.65252304 286.91296387
-0.02415745 0.36951068 0.92891210 0.74104035 -0.61706907 0.26473466 0.67102504 0.69475609 -0.25891578 -13.28642750 -32.63716125 292.08749390
-0.04113451 0.37444684 0.92633510 0.78253764 -0.56438076 0.26288530 0.62124223 0.73570520 -0.26980352 -6.60249519 -31.26158714 297.58233643
-0.02063807 0.38649100 0.92206186 0.84361404 -0.48821419 0.22352181 0.53655267 0.78247672 -0.31597370 2.96241999 -41.01501083 300.37887573
0.00759645 0.37671322 0.92629838 0.84409881 -0.49906442 0.19604045 0.53613341 0.78039730 -0.32177439 3.95854163 -55.82186508 296.04739380
0.03036055 0.37330583 0.92721111 0.85237271 -0.49416915 0.17104807 0.52205211 0.78513539 -0.33319908 3.04514694 -66.14498138 298.40121460
0.03364549 0.37210649 0.92757964 0.86407834 -0.47721806 0.16009790 0.50223118 0.79611409 -0.33758554 5.50262260 -65.03347015 300.94244385
0.03803552 0.38343108 0.92278558 0.86911178 -0.46842560 0.15881458 0.49315077 0.79596227 -0.35106140 8.64871788 -62.47354126 301.57247925
0.01832355 0.37426305 0.92714131 0.88101679 -0.44447872 0.16201268 0.47272977 0.81385732 -0.33787656 8.08247280 -51.64563370 302.84793091
-0.02358687 0.26968238 0.96266013 0.82307112 -0.54132569 0.17181526 0.56744796 0.79638928 -0.20919983 9.90732384 -44.06032944 318.61145020
-0.03485452 0.32163849 0.94622058 0.84446537 -0.49686819 0.20000136 0.53447479 0.80602026 -0.25429460 25.03954887 -40.77841568 311.06665039
0.00380770 0.37672791 0.92631590 0.87305886 -0.45293090 0.18061595 0.48759991 0.80803937 -0.33063036 44.67809296 -48.52671051 303.03671265
-0.00809484 0.31073141 0.95046318 0.88337994 -0.44318283 0.15241170 0.46858773 0.84085244 -0.27090654 48.79555893 -42.74694061 278.92279053
0.00110756 0.32946894 0.94416565 0.87716347 -0.45370057 0.15729105 0.48019060 0.82801205 -0.28950065 44.19297028 -41.12213516 284.99645996
0.01147484 0.30857682 0.95113003 0.84157890 -0.51667047 0.15747119 0.54001230 0.79864269 -0.26562044 34.77690125 -39.82191467 299.32974243
-0.05064194 0.22897409 0.97211421 0.82137197 -0.54416895 0.17096403 0.56814033 0.80712384 -0.16051525 20.89662552 -41.08797455 305.56930542
0.01973125 0.37577346 0.92650121 0.87617141 -0.45287246 0.16501820 0.48159611 0.80851632 -0.33817747 4.66293859 -42.34324646 303.31436157
0.01856000 0.38883963 0.92111808 0.86658138 -0.46576831 0.17915778 0.49869114 0.79489708 -0.34560561 -16.86265182 -49.74687195 306.53317261
-0.00306536 0.31974521 0.94749826 0.81063759 -0.55400997 0.18958023 0.58554047 0.76865739 -0.25749907 -35.31142807 -60.37496567 321.05938721
-0.02002462 0.37595412 0.92642158 0.80717963 -0.54069847 0.23686980 0.58996642 0.75253046 -0.29263490 -60.36185837 -68.07859039 320.89959717
-0.00024646 0.43538162 0.90024567 0.76909214 -0.57529950 0.27844000 0.63913786 0.69243914 -0.33470640 -64.72076416 -75.41583252 321.05932617
-0.00858072 0.46065602 0.88753694 0.74338216 -0.59070122 0.31377715 0.66881186 0.66247028 -0.33737442 -65.92468262 -75.95178223 323.35092163
-0.03787628 0.46773988 0.88305378 0.73403031 -0.58660132 0.34219795 0.67805970 0.66114825 -0.32111657 -69.81253815 -68.31882477 326.78042603
-0.04952070 0.46493348 0.88395911 0.72414726 -0.59282690 0.35237524 0.68786520 0.65756512 -0.30732262 -75.69132233 -59.58152008 330.58282471
-0.05111562 0.46382880 0.88444847 0.71400589 -0.60223126 0.35709140 0.69827110 0.64975309 -0.30039263 -86.97772980 -49.11335373 334.53662109
-0.05286193 0.45336869 0.88975376 0.70204329 -0.61677516 0.35598376 0.71016908 0.64346254 -0.28568012 -92.40373230 -47.51504135 334.72753906
-0.05149857 0.46229300 0.88523024 0.68065035 -0.63239598 0.36985266 0.73079544 0.62157804 -0.28209206 -90.16664124 -48.24791336 333.76617432
-0.05044500 0.45867816 0.88716918 0.67534035 -0.63876015 0.36864778 0.73577809 0.61773652 -0.27754137 -90.05088806 -51.76368332 331.96566772
-0.05269194 0.44732758 0.89281636 0.66372651 -0.65231252 0.36599964 0.74611598 0.61187017 -0.26253140 -90.13648224 -52.70730972 330.19689941
-0.04624218 0.45186892 0.89088482 0.65914971 -0.65631831 0.36710748 0.75058752 0.60420156 -0.26749951 -86.99262238 -52.95136261 327.42242432
-0.05016851 0.44171205 0.89575279 0.65047044 -0.66612905 0.36491156 0.75787175 0.60096693 -0.25390178 -83.19049835 -56.89856339 321.45712280
-0.04465794 0.44362164 0.89510047 0.64049381 -0.67489821 0.36644247 0.76666260 0.58966994 -0.25399724 -81.62590027 -56.55215454 317.05999756
-0.04222325 0.44964513 0.89220828 0.61639297 -0.69107831 0.37745252 0.78630465 0.56588727 -0.24797836 -75.34871674 -56.18029785 308.15136719
-0.05384198 0.43772528 0.89749473 0.59698838 -0.70636988 0.38032436 0.80044001 0.55627030 -0.22328433 -72.76143646 -56.59815979 301.41802979
-0.04334755 0.43147638 0.90108174 0.57866460 -0.72439086 0.37470669 0.81441170 0.53766584 -0.21827935 -74.83460999 -50.25765991 299.09808350
-0.06186192 0.42166018 0.90464085 0.55291200 -0.74011225 0.38278195 0.83093894 0.52386552 -0.18735608 -77.44138336 -49.13387299 293.14492798
-0.07043275 0.41369277 0.90768760 0.51372969 -0.76494998 0.38850123 0.85505486 0.49366850 -0.15864861 -80.69271088 -52.71770477 282.17056274
-0.07590631 0.39840651 0.91406220 0.48502785 -0.78619128 0.38295037 0.87119675 0.47241324 -0.13356124 -82.03002930 -54.93650436 272.51541138
-0.07339269 0.39580387 0.91539717 0.45367423 -0.80415386 0.38407773 0.88813877 0.44347996 -0.12054685 -78.47274017 -49.26981354 265.39120483
-0.09074423 0.39073148 0.91602051 0.44503093 -0.80695355 0.38829508 0.89090425 0.44289231 -0.10066112 -73.67595673 -45.81058121 264.86422729
-0.09048441 0.39255285 0.91526723 0.44640616 -0.80555016 0.38962820 0.89024252 0.44383550 -0.10234815 -67.44135284 -41.77761459 265.90768433
-0.06992526 0.40924385 0.90974116 0.46247700 -0.79474413 0.39306033 0.88386828 0.44821852 -0.13369302 -63.63426590 -41.20162201 266.38891602
-0.06549896 0.40556252 0.91171706 0.46866584 -0.79412913 0.38692513 0.88094246 0.45263317 -0.13805850 -61.05221558 -42.41809845 267.00726318
-0.05525085 0.40280178 0.91361767 0.48456150 -0.78922325 0.37726185 0.87300920 0.46354738 -0.15157677 -57.59254074 -41.71432877 269.65884399
-0.04943386 0.40718612 0.91200608 0.49422479 -0.78352177 0.37661019 0.86792606 0.46935266 -0.16250877 -54.03890610 -42.37214661 269.74896240
-0.03793569 0.41511115 0.90897912 0.50670069 -0.77602947 0.37554285 0.86128563 0.47482625 -0.18089767 -46.43334579 -43.66967773 270.49118042
-0.02843975 0.41521624 0.90927774 0.54606616 -0.75546402 0.36205754 0.83725780 0.50682193 -0.20524998 -40.28595352 -41.95865250 275.12075806
-0.00998239 0.41223958 0.91102058 0.60116488 -0.72556120 0.33490580 0.79906160 0.55101579 -0.24058065 -35.90504456 -37.40867996 284.54620361
0.00120041 0.41905916 0.90795791 0.63856912 -0.69905365 0.32179719 0.76956242 0.57940656 -0.26843694 -31.17794228 -36.58248520 293.22970581
0.01714766 0.41514933 0.90959156 0.69889134 -0.65554637 0.28602424 0.71502113 0.63079971 -0.30138481 -22.39156723 -41.20860672 305.23474121
0.01472889 0.40577683 0.91385341 0.72799766 -0.63086247 0.26838741 0.68542022 0.66132873 -0.30469596 -16.73909760 -50.64589691 306.53210449
0.03391721 0.40731433 0.91265786 0.75223452 -0.61164474 0.24501839 0.65802103 0.67822105 -0.32714060 -9.09730339 -59.15062332 307.96347046
0.04445696 0.40326542 0.91400242 0.75711715 -0.61049467 0.23252927 0.65176374 0.68166792 -0.33245939 -8.36929035 -63.48734665 308.74920654
0.04441800 0.38766009 0.92073154 0.77010912 -0.60036534 0.21562319 0.63636297 0.69948471 -0.32520708 -9.50475788 -69.84981537 308.14361572
0.04283364 0.38794869 0.92068499 0.77423936 -0.59531671 0.21482807 0.63144076 0.70362735 -0.32586429 -8.72816467 -67.08611298 309.37615967
0.04587894 0.39888254 0.91585344 0.76721126 -0.60122418 0.22341909 0.63975048 0.69240135 -0.33361027 -6.22093391 -67.04550934 307.94415283
0.04388626 0.39533982 0.91748565 0.76932842 -0.59925604 0.22141704 0.63734317 0.69612914 -0.33044484 -5.33826447 -67.57331848 305.70346069
0.05026739 0.40056980 0.91488600 0.76669532 -0.60252380 0.22168139 0.64003897 0.69029415 -0.33740193 -3.73563170 -68.22315979 303.51602173
0.04730485 0.39319286 0.91823786 0.76944029 -0.60053986 0.21751434 0.63696319 0.69623846 -0.33094659 -4.03841257 -69.09120178 301.87554932
0.04446431 0.39406690 0.91800499 0.76601034 -0.60332048 0.22188184 0.64128715 0.69333422 -0.32868534 -3.70629191 -68.63253784 301.03005981
0.04471930 0.39124680 0.91919810 0.76717818 -0.60279822 0.21925123 0.63987195 0.69538265 -0.32711250 -4.16663408 -67.57410431 300.56781006
0.03796183 0.39317867 0.91867763 0.76529944 -0.60259080 0.22627506 0.64255285 0.69447207 -0.32377455 -2.36453342 -68.33509064 300.23901367
0.04683941 0.39685640 0.91668433 0.76255029 -0.60697925 0.22381350 0.64522982 0.68853301 -0.33105317 -2.59581566 -70.21582794 298.91101074
0.03966869 0.39119434 0.91945237 0.76406831 -0.60485709 0.22438060 0.64391333 0.69362187 -0.32289279 -3.22364259 -69.77748871 298.12899780
0.04323225 0.39459559 0.91783702 0.75942934 -0.60991013 0.22644131 0.64915037 0.68724108 -0.32603499 -2.72795057 -70.60701752 296.31045532
