2.000000000000000000e+00 9.980403184890747070e-01 -4.783587530255317688e-02 4.034076631069183350e-02 4.829820990562438965e-02 9.987768530845642090e-01 -1.056315004825592041e-02 -3.978613764047622681e-02 1.249083783477544785e-02 9.991302490234375000e-01 1.923430711030960083e-02 4.219790454953908920e-03 5.530183911323547363e-01
2.000000000000000000e+00 9.708330631256103516e-01 -1.293808817863464355e-01 2.018516063690185547e-01 1.313717216253280640e-01 9.913266897201538086e-01 3.560746088624000549e-03 -2.005615830421447754e-01 2.306073345243930817e-02 9.794096946716308594e-01 2.863703668117523193e-02 8.097252808511257172e-03 5.526278614997863770e-01
2.000000000000000000e+00 9.519935250282287598e-01 -1.695480942726135254e-01 2.548764646053314209e-01 1.734141111373901367e-01 9.848212599754333496e-01 7.397474721074104309e-03 -2.522619664669036865e-01 3.715686500072479248e-02 9.669454097747802734e-01 3.745957091450691223e-02 1.655544154345989227e-02 5.526062846183776855e-01
2.000000000000000000e+00 9.056367874145507812e-01 -2.016337364912033081e-01 3.730497062206268311e-01 2.192791253328323364e-01 9.756493568420410156e-01 -4.994949325919151306e-03 -3.629584908485412598e-01 8.632565289735794067e-02 9.277979731559753418e-01 4.608763009309768677e-02 1.902938820421695709e-02 5.535166859626770020e-01
2.000000000000000000e+00 8.302322626113891602e-01 -2.685654759407043457e-01 4.884541630744934082e-01 3.137513697147369385e-01 9.494382143020629883e-01 -1.126014906913042068e-02 -4.607330262660980225e-01 1.626017540693283081e-01 8.725169301033020020e-01 5.412575602531433105e-02 2.500601485371589661e-02 5.544347763061523438e-01
2.000000000000000000e+00 7.781394720077514648e-01 -3.336226344108581543e-01 5.321612358093261719e-01 3.933975100517272949e-01 9.193675518035888672e-01 1.134783029556274414e-03 -4.896303713321685791e-01 2.084679305553436279e-01 8.466423749923706055e-01 7.096023857593536377e-02 2.713021263480186462e-02 5.591312050819396973e-01
2.000000000000000000e+00 6.809623241424560547e-01 -3.651207387447357178e-01 6.348052620887756348e-01 4.800803363323211670e-01 8.771616816520690918e-01 -1.047003455460071564e-02 -5.530040860176086426e-01 3.118872940540313721e-01 7.726013064384460449e-01 7.775276154279708862e-02 3.031393885612487793e-02 5.585706233978271484e-01
2.000000000000000000e+00 5.894926190376281738e-01 -3.499809503555297852e-01 7.280194759368896484e-01 5.258206129074096680e-01 8.504264354705810547e-01 -1.694188453257083893e-02 -6.131978631019592285e-01 3.927947878837585449e-01 6.853470802307128906e-01 8.481311798095703125e-02 3.144332021474838257e-02 5.645797848701477051e-01
2.000000000000000000e+00 5.384078025817871094e-01 -3.503094911575317383e-01 7.664209008216857910e-01 5.687456727027893066e-01 8.221700787544250488e-01 -2.375029399991035461e-02 -6.218086481094360352e-01 4.486859738826751709e-01 6.418995261192321777e-01 9.013213962316513062e-02 3.249742835760116577e-02 5.669521093368530273e-01
2.000000000000000000e+00 4.348811805248260498e-01 -3.171995878219604492e-01 8.427712321281433105e-01 6.203623414039611816e-01 7.839142680168151855e-01 -2.506758645176887512e-02 -6.527091264724731445e-01 5.337250232696533203e-01 5.376879572868347168e-01 1.002423614263534546e-01 3.206064552068710327e-02 5.719943642616271973e-01
2.000000000000000000e+00 3.728833496570587158e-01 -3.276792466640472412e-01 8.680927157402038574e-01 6.961684823036193848e-01 7.173213362693786621e-01 -2.826652862131595612e-02 -6.134391427040100098e-01 6.148788928985595703e-01 4.955968260765075684e-01 1.042232140898704529e-01 3.040532208979129791e-02 5.822575092315673828e-01
2.000000000000000000e+00 2.659135460853576660e-01 -2.850643098354339600e-01 9.208847880363464355e-01 7.702695131301879883e-01 6.372213363647460938e-01 -2.516677044332027435e-02 -5.796332359313964844e-01 7.160217761993408203e-01 3.890218138694763184e-01 1.072244942188262939e-01 2.778719738125801086e-02 5.858541727066040039e-01
2.000000000000000000e+00 1.981931179761886597e-01 -2.636969089508056641e-01 9.440253376960754395e-01 8.367456197738647461e-01 5.471149086952209473e-01 -2.284302376210689545e-02 -5.104667544364929199e-01 7.944362163543701172e-01 3.290812373161315918e-01 1.096027716994285583e-01 2.583639137446880341e-02 5.953514575958251953e-01
2.000000000000000000e+00 1.238130480051040649e-01 -1.822770386934280396e-01 9.754207134246826172e-01 8.663802742958068848e-01 4.991051256656646729e-01 -1.670400239527225494e-02 -4.837928414344787598e-01 8.471532464027404785e-01 2.197164744138717651e-01 1.109200790524482727e-01 2.120560407638549805e-02 6.062484383583068848e-01
2.000000000000000000e+00 7.581791281700134277e-02 -1.510894596576690674e-01 9.856083989143371582e-01 9.139971733093261719e-01 4.056390225887298584e-01 -8.126129396259784698e-03 -3.985735476016998291e-01 9.014589190483093262e-01 1.688495427370071411e-01 1.113281846046447754e-01 1.535230129957199097e-02 6.099020838737487793e-01
2.000000000000000000e+00 4.756142199039459229e-02 -1.012497469782829285e-01 9.937235116958618164e-01 9.404867887496948242e-01 3.396708667278289795e-01 -1.040420494973659515e-02 -3.364857137203216553e-01 9.350783228874206543e-01 1.113788038492202759e-01 1.096842661499977112e-01 8.508888073265552521e-03 6.137966513633728027e-01
2.000000000000000000e+00 1.959097385406494141e-02 -5.010500550270080566e-02 9.985518455505371094e-01 9.601755738258361816e-01 2.793556153774261475e-01 -4.820240661501884460e-03 -2.787097990512847900e-01 9.588792920112609863e-01 5.358199030160903931e-02 1.055700257420539856e-01 5.110276397317647934e-03 6.216085553169250488e-01
2.000000000000000000e+00 -5.982409231364727020e-03 1.330797374248504639e-02 9.998934268951416016e-01 9.837525486946105957e-01 1.794957220554351807e-01 3.497251309454441071e-03 -1.794303506612777710e-01 9.836685657501220703e-01 -1.416601985692977905e-02 1.017960757017135620e-01 -4.162035416811704636e-03 6.299040317535400391e-01
2.000000000000000000e+00 -2.087202481925487518e-02 7.080193608999252319e-02 9.972719550132751465e-01 9.977545738220214844e-01 6.496754288673400879e-02 1.627011410892009735e-02 -6.363864243030548096e-02 9.953721761703491211e-01 -7.199943810701370239e-02 9.713849425315856934e-02 -1.487750560045242310e-02 6.316559314727783203e-01
2.000000000000000000e+00 -1.821244135499000549e-02 1.259750872850418091e-01 9.918662905693054199e-01 9.971501231193542480e-01 -7.035036385059356689e-02 2.724493108689785004e-02 7.321001589298248291e-02 9.895355701446533203e-01 -1.243352666497230530e-01 8.865807205438613892e-02 -2.562810108065605164e-02 6.446608304977416992e-01
2.000000000000000000e+00 -1.512764953076839447e-03 2.472608685493469238e-01 9.689479470252990723e-01 9.823150038719177246e-01 -1.810480505228042603e-01 4.773478209972381592e-02 1.872287094593048096e-01 9.518840312957763672e-01 -2.426146417856216431e-01 8.210181444883346558e-02 -3.172083199024200439e-02 6.539765000343322754e-01
2.000000000000000000e+00 1.507809199392795563e-02 3.544755578041076660e-01 9.349437355995178223e-01 9.636322855949401855e-01 -2.546561658382415771e-01 8.101025968790054321e-02 2.668050229549407959e-01 8.997204303741455078e-01 -3.454242944717407227e-01 7.595365494489669800e-02 -3.804510831832885742e-02 6.675630211830139160e-01
2.000000000000000000e+00 2.549814805388450623e-02 3.884066045284271240e-01 9.211353659629821777e-01 9.495648145675659180e-01 -2.974811792373657227e-01 9.915144741535186768e-02 3.125312030315399170e-01 8.721494674682617188e-01 -3.764030039310455322e-01 6.911244988441467285e-02 -5.057441070675849915e-02 6.811413764953613281e-01
2.000000000000000000e+00 6.217449530959129333e-02 4.923359453678131104e-01 8.681818842887878418e-01 9.232160449028015137e-01 -3.588770329952239990e-01 1.373997628688812256e-01 3.792171478271484375e-01 7.929765582084655762e-01 -4.768459498882293701e-01 6.070438772439956665e-02 -5.720359832048416138e-02 6.921744346618652344e-01
2.000000000000000000e+00 1.069040074944496155e-01 5.788351297378540039e-01 8.084067702293395996e-01 9.029712080955505371e-01 -3.968616425991058350e-01 1.647521406412124634e-01 4.161898195743560791e-01 7.123550772666931152e-01 -5.650981068611145020e-01 5.244694650173187256e-02 -7.075507938861846924e-02 7.097817659378051758e-01
2.000000000000000000e+00 1.827491372823715210e-01 6.399992704391479492e-01 7.463269233703613281e-01 8.532267808914184570e-01 -4.803974330425262451e-01 2.030318528413772583e-01 4.884736537933349609e-01 5.996814966201782227e-01 -6.338571310043334961e-01 3.372661396861076355e-02 -8.467093855142593384e-02 7.216198444366455078e-01
2.000000000000000000e+00 2.490053623914718628e-01 7.068976759910583496e-01 6.620363593101501465e-01 8.193407654762268066e-01 -5.182340741157531738e-01 2.451809793710708618e-01 5.164074301719665527e-01 4.813811779022216797e-01 -7.082334756851196289e-01 1.498030312359333038e-02 -9.899285435676574707e-02 7.354822158813476562e-01
2.000000000000000000e+00 3.085999786853790283e-01 7.523627877235412598e-01 5.819935798645019531e-01 7.884414196014404297e-01 -5.446000099182128906e-01 2.859551906585693359e-01 5.320954918861389160e-01 3.706214129924774170e-01 -7.612576484680175781e-01 6.142472382634878159e-03 -1.058412045240402222e-01 7.487880587577819824e-01
2.000000000000000000e+00 3.669087588787078857e-01 7.609961032867431641e-01 5.350357890129089355e-01 7.596782445907592773e-01 -5.770626664161682129e-01 2.998118698596954346e-01 5.369044542312622070e-01 2.964507341384887695e-01 -7.898415327072143555e-01 -2.733496949076652527e-03 -1.133674755692481995e-01 7.561073303222656250e-01
2.000000000000000000e+00 4.703776836395263672e-01 7.654590010643005371e-01 4.391098916530609131e-01 6.930582523345947266e-01 -6.284636855125427246e-01 3.531334102153778076e-01 5.462732315063476562e-01 1.382220238447189331e-01 -8.261230587959289551e-01 -1.304240338504314423e-02 -1.295596361160278320e-01 7.690601348876953125e-01
2.000000000000000000e+00 5.330021381378173828e-01 7.703163027763366699e-01 3.500308394432067871e-01 6.461215615272521973e-01 -6.376561522483825684e-01 4.194293022155761719e-01 5.462920069694519043e-01 2.605183981359004974e-03 -8.375900387763977051e-01 -2.288920059800148010e-02 -1.441654264926910400e-01 7.746996283531188965e-01
2.000000000000000000e+00 6.317554712295532227e-01 7.337012290954589844e-01 2.501353025436401367e-01 5.892422795295715332e-01 -6.642026305198669434e-01 4.600300192832946777e-01 5.036646127700805664e-01 -1.432366520166397095e-01 -8.519412875175476074e-01 -3.194902464747428894e-02 -1.518973112106323242e-01 7.966749072074890137e-01
2.000000000000000000e+00 6.826360225677490234e-01 7.141360640525817871e-01 1.549769490957260132e-01 5.700674057006835938e-01 -6.530986428260803223e-01 4.984820485115051270e-01 4.571987092494964600e-01 -2.519349157810211182e-01 -8.529342412948608398e-01 -4.078476130962371826e-02 -1.670995801687240601e-01 8.134223818778991699e-01
2.000000000000000000e+00 7.560406327247619629e-01 6.523779034614562988e-01 5.296682938933372498e-02 5.283393263816833496e-01 -6.560482382774353027e-01 5.389409065246582031e-01 3.863413333892822266e-01 -3.794770240783691406e-01 -8.406759500503540039e-01 -4.949363321065902710e-02 -1.796323806047439575e-01 8.126756548881530762e-01
2.000000000000000000e+00 7.962759733200073242e-01 5.995281338691711426e-01 -8.068767189979553223e-02 5.159690380096435547e-01 -6.034739613533020020e-01 6.079426407814025879e-01 3.157851994037628174e-01 -5.257226824760437012e-01 -7.898695468902587891e-01 -5.689613148570060730e-02 -1.851258426904678345e-01 8.275756835937500000e-01
2.000000000000000000e+00 8.235918879508972168e-01 5.560775399208068848e-01 -1.116876453161239624e-01 4.878555238246917725e-01 -5.940917134284973145e-01 6.395712494850158691e-01 2.892977893352508545e-01 -5.812332630157470703e-01 -7.605742812156677246e-01 -7.181000709533691406e-02 -1.979235112667083740e-01 8.394327759742736816e-01
2.000000000000000000e+00 8.400778770446777344e-01 5.010495185852050781e-01 -2.078906744718551636e-01 4.966553747653961182e-01 -5.562741756439208984e-01 6.662522554397583008e-01 2.181804329156875610e-01 -6.629538536071777344e-01 -7.161620855331420898e-01 -8.524486422538757324e-02 -2.099945992231369019e-01 8.480458855628967285e-01
2.000000000000000000e+00 8.585086464881896973e-01 4.467549622058868408e-01 -2.517399191856384277e-01 4.774146378040313721e-01 -5.171315073966979980e-01 7.103871107101440430e-01 1.871856003999710083e-01 -7.300577759742736816e-01 -6.572486758232116699e-01 -9.641572088003158569e-02 -2.202047705650329590e-01 8.576577901840209961e-01
2.000000000000000000e+00 8.674817681312561035e-01 3.953017592430114746e-01 -3.020132184028625488e-01 4.807437956333160400e-01 -5.100468993186950684e-01 7.132582068443298340e-01 1.279107034206390381e-01 -7.639294266700744629e-01 -6.324945688247680664e-01 -1.058035790920257568e-01 -2.257794886827468872e-01 8.761330246925354004e-01
2.000000000000000000e+00 8.770175576210021973e-01 2.851819396018981934e-01 -3.866673707962036133e-01 4.802460670471191406e-01 -4.963783025741577148e-01 7.231681346893310547e-01 1.430056802928447723e-02 -8.199264407157897949e-01 -5.722892880439758301e-01 -1.129216477274894714e-01 -2.285200357437133789e-01 8.871701955795288086e-01
2.000000000000000000e+00 8.893612027168273926e-01 1.938134431838989258e-01 -4.140929579734802246e-01 4.526519179344177246e-01 -5.007644891738891602e-01 7.377946972846984863e-01 -6.436918675899505615e-02 -8.436058163642883301e-01 -5.330898165702819824e-01 -1.158029064536094666e-01 -2.364897131919860840e-01 9.045394659042358398e-01
2.000000000000000000e+00 8.589444160461425781e-01 1.376657783985137939e-01 -4.932165145874023438e-01 4.945796728134155273e-01 -4.726133346557617188e-01 7.294020652770996094e-01 -1.326876133680343628e-01 -8.704506754875183105e-01 -4.740344882011413574e-01 -1.169911473989486694e-01 -2.402785867452621460e-01 9.088713526725769043e-01
2.000000000000000000e+00 8.379700183868408203e-01 8.417136967182159424e-02 -5.391858220100402832e-01 5.146990418434143066e-01 -4.502602219581604004e-01 7.296236157417297363e-01 -1.813610792160034180e-01 -8.889211416244506836e-01 -4.206266403198242188e-01 -1.178441718220710754e-01 -2.428295612335205078e-01 9.194458127021789551e-01
2.000000000000000000e+00 7.949768304824829102e-01 4.427218064665794373e-02 -6.050218939781188965e-01 5.615684390068054199e-01 -4.309491217136383057e-01 7.063452601432800293e-01 -2.294626533985137939e-01 -9.012894630432128906e-01 -3.674555718898773193e-01 -1.171127259731292725e-01 -2.482424825429916382e-01 9.358701109886169434e-01
2.000000000000000000e+00 7.277639508247375488e-01 -1.436388492584228516e-02 -6.856769323348999023e-01 6.237193346023559570e-01 -4.018816947937011719e-01 6.704216003417968750e-01 -2.851911485195159912e-01 -9.155789017677307129e-01 -2.835150957107543945e-01 -1.153401583433151245e-01 -2.519842982292175293e-01 9.392697811126708984e-01
2.000000000000000000e+00 6.929187774658203125e-01 -5.194523558020591736e-02 -7.191416025161743164e-01 6.500889062881469727e-01 -3.863754570484161377e-01 6.542922258377075195e-01 -3.118463456630706787e-01 -9.208776354789733887e-01 -2.339569330215454102e-01 -1.129099726676940918e-01 -2.544414997100830078e-01 9.508609771728515625e-01
2.000000000000000000e+00 6.281194090843200684e-01 -7.909502834081649780e-02 -7.740861773490905762e-01 6.892177462577819824e-01 -4.052037298679351807e-01 6.006569266319274902e-01 -3.611718714237213135e-01 -9.107984900474548340e-01 -2.000017911195755005e-01 -1.094051599502563477e-01 -2.568490207195281982e-01 9.621074795722961426e-01
2.000000000000000000e+00 5.804175138473510742e-01 -1.445958614349365234e-01 -8.013782501220703125e-01 6.916459798812866211e-01 -4.318974018096923828e-01 5.788698196411132812e-01 -4.298155605792999268e-01 -8.902565836906433105e-01 -1.506707668304443359e-01 -9.957828372716903687e-02 -2.562231421470642090e-01 9.750061035156250000e-01
2.000000000000000000e+00 5.267938375473022461e-01 -1.974780857563018799e-01 -8.267346620559692383e-01 6.793727278709411621e-01 -4.867078363895416260e-01 5.491518974304199219e-01 -5.108239650726318359e-01 -8.509513139724731445e-01 -1.222324967384338379e-01 -9.469978511333465576e-02 -2.558570802211761475e-01 9.803476333618164062e-01
2.000000000000000000e+00 4.850635528564453125e-01 -2.163636982440948486e-01 -8.472896218299865723e-01 7.047407627105712891e-01 -4.769272804260253906e-01 5.252434015274047852e-01 -5.177394151687622070e-01 -8.518962264060974121e-01 -7.885877043008804321e-02 -8.143766224384307861e-02 -2.517810761928558350e-01 9.797878265380859375e-01
2.000000000000000000e+00 4.202074110507965088e-01 -2.535153627395629883e-01 -8.712952136993408203e-01 7.017584443092346191e-01 -5.179482102394104004e-01 4.891469180583953857e-01 -5.752922892570495605e-01 -8.169820308685302734e-01 -3.973812237381935120e-02 -7.464475929737091064e-02 -2.475741207599639893e-01 9.834244251251220703e-01
2.000000000000000000e+00 3.569609224796295166e-01 -2.802856266498565674e-01 -8.910771012306213379e-01 7.001917362213134766e-01 -5.511360168457031250e-01 4.538507461547851562e-01 -6.183127760887145996e-01 -7.859320044517517090e-01 -4.792849067598581314e-04 -5.947509035468101501e-02 -2.432637363672256470e-01 9.976334571838378906e-01
2.000000000000000000e+00 2.873000800609588623e-01 -2.505435645580291748e-01 -9.244923591613769531e-01 7.184996008872985840e-01 -5.819021463394165039e-01 3.809832930564880371e-01 -6.334171891212463379e-01 -7.737041115760803223e-01 1.283601764589548111e-02 -5.069706588983535767e-02 -2.379514127969741821e-01 1.007504940032958984e+00
2.000000000000000000e+00 2.138494998216629028e-01 -2.150274664163589478e-01 -9.529066681861877441e-01 7.523860335350036621e-01 -5.858999490737915039e-01 3.010591268539428711e-01 -6.230441927909851074e-01 -7.813351750373840332e-01 3.649034723639488220e-02 -4.160431772470474243e-02 -2.318084090948104858e-01 1.018376231193542480e+00
2.000000000000000000e+00 1.756124347448348999e-01 -2.018807232379913330e-01 -9.635373353958129883e-01 7.486125230789184570e-01 -6.082336902618408203e-01 2.638773024082183838e-01 -6.393278241157531738e-01 -7.676563858985900879e-01 4.431812837719917297e-02 -3.186445310711860657e-02 -2.236742526292800903e-01 1.022397518157958984e+00
2.000000000000000000e+00 1.071689948439598083e-01 -1.609527170658111572e-01 -9.811263084411621094e-01 7.324022650718688965e-01 -6.545797586441040039e-01 1.873831301927566528e-01 -6.723852753639221191e-01 -7.386609911918640137e-01 4.773256927728652954e-02 -2.119012363255023956e-02 -2.135447561740875244e-01 1.022012710571289062e+00
2.000000000000000000e+00 8.280980587005615234e-02 -1.271487921476364136e-01 -9.884206652641296387e-01 7.461798787117004395e-01 -6.495229005813598633e-01 1.460677683353424072e-01 -6.605742573738098145e-01 -7.496358156204223633e-01 4.109012335538864136e-02 -1.149655226618051529e-02 -2.032203376293182373e-01 1.028315305709838867e+00
2.000000000000000000e+00 3.231023624539375305e-02 -7.116979360580444336e-02 -9.969405531883239746e-01 7.597194314002990723e-01 -6.463889479637145996e-01 7.076591253280639648e-02 -6.494477391242980957e-01 -7.596820592880249023e-01 3.318519517779350281e-02 7.759981323033571243e-03 -1.916353255510330200e-01 1.033211231231689453e+00
2.000000000000000000e+00 4.716846160590648651e-04 -1.024597696959972382e-02 -9.999471306800842285e-01 7.111763954162597656e-01 -7.029731273651123047e-01 7.537818048149347305e-03 -7.030133008956909180e-01 -7.111429572105407715e-01 6.956176832318305969e-03 1.740259490907192230e-02 -1.809757351875305176e-01 1.042238593101501465e+00
2.000000000000000000e+00 -1.996817439794540405e-02 6.150010973215103149e-02 -9.979069828987121582e-01 6.819487214088439941e-01 -7.290506362915039062e-01 -5.857723578810691833e-02 -7.311275005340576172e-01 -6.816917061805725098e-01 -2.738107368350028992e-02 2.723788470029830933e-02 -1.682171821594238281e-01 1.046560525894165039e+00
2.000000000000000000e+00 -2.699856832623481750e-02 1.340663880109786987e-01 -9.906040430068969727e-01 6.576283574104309082e-01 -7.439469099044799805e-01 -1.186083927750587463e-01 -7.528587579727172852e-01 -6.546522974967956543e-01 -6.807936728000640869e-02 4.531361162662506104e-02 -1.534099131822586060e-01 1.041260600090026855e+00
2.000000000000000000e+00 -1.491037476807832718e-02 1.975399106740951538e-01 -9.801809787750244141e-01 6.156691312789916992e-01 -7.706071734428405762e-01 -1.646697670221328735e-01 -7.878640294075012207e-01 -6.059232354164123535e-01 -1.101282089948654175e-01 5.492702871561050415e-02 -1.392976492643356323e-01 1.044761896133422852e+00
2.000000000000000000e+00 6.108182948082685471e-03 2.761530578136444092e-01 -9.610936641693115234e-01 6.118295192718505859e-01 -7.612531781196594238e-01 -2.148446589708328247e-01 -7.909663319587707520e-01 -5.867140293121337891e-01 -1.736075580120086670e-01 7.129908353090286255e-02 -1.244511008262634277e-01 1.044538497924804688e+00
2.000000000000000000e+00 7.064614910632371902e-03 2.695507407188415527e-01 -9.629597663879394531e-01 6.173897981643676758e-01 -7.587027549743652344e-01 -2.078465670347213745e-01 -7.866260409355163574e-01 -5.930538773536682129e-01 -1.717768609523773193e-01 7.987070083618164062e-02 -1.178974732756614685e-01 1.041138529777526855e+00
2.000000000000000000e+00 8.552280068397521973e-02 3.302301764488220215e-01 -9.400175213813781738e-01 5.411882400512695312e-01 -8.075546026229858398e-01 -2.344589680433273315e-01 -8.365417122840881348e-01 -4.886755943298339844e-01 -2.477801144123077393e-01 9.179333597421646118e-02 -1.076932251453399658e-01 1.031246304512023926e+00
0.000000000000000000e+00 1.461953222751617432e-01 4.275464415550231934e-01 -8.920930027961730957e-01 4.240401387214660645e-01 -8.418194055557250977e-01 -3.339615464210510254e-01 -8.937662243843078613e-01 -3.294603824615478516e-01 -3.043661117553710938e-01 1.037166491150856018e-01 -9.716723859310150146e-02 1.032760381698608398e+00
2.000000000000000000e+00 1.808439791202545166e-01 3.928305804729461670e-01 -9.016542434692382812e-01 5.145204067230224609e-01 -8.190986514091491699e-01 -2.536658644676208496e-01 -8.381908535957336426e-01 -4.180452525615692139e-01 -3.502480089664459229e-01 1.125798001885414124e-01 -8.329147845506668091e-02 1.017676949501037598e+00
2.000000000000000000e+00 2.289977222681045532e-01 3.757287561893463135e-01 -8.979915380477905273e-01 4.346143603324890137e-01 -8.649163246154785156e-01 -2.510581314563751221e-01 -8.710165619850158691e-01 -3.327881097793579102e-01 -3.613606989383697510e-01 1.166642457246780396e-01 -6.749106943607330322e-02 1.018581748008728027e+00
2.000000000000000000e+00 3.257218897342681885e-01 3.996146321296691895e-01 -8.568630218505859375e-01 4.072919785976409912e-01 -8.771892189979553223e-01 -2.542687952518463135e-01 -8.532397150993347168e-01 -2.661723792552947998e-01 -4.484791755676269531e-01 1.207644343376159668e-01 -5.333635210990905762e-02 1.023010253906250000e+00
2.000000000000000000e+00 4.110985994338989258e-01 3.845461010932922363e-01 -8.265126347541809082e-01 3.862354457378387451e-01 -8.947432041168212891e-01 -2.241815030574798584e-01 -8.257237076759338379e-01 -2.270676940679550171e-01 -5.163524150848388672e-01 1.246179491281509399e-01 -4.561926797032356262e-02 1.017720341682434082e+00
2.000000000000000000e+00 4.779739975929260254e-01 3.543588817119598389e-01 -8.037236332893371582e-01 3.481890559196472168e-01 -9.164893031120300293e-01 -1.970085352659225464e-01 -8.064147830009460449e-01 -1.856827139854431152e-01 -5.614412426948547363e-01 1.255255788564682007e-01 -3.027272969484329224e-02 1.005936741828918457e+00
2.000000000000000000e+00 5.130317211151123047e-01 3.270804286003112793e-01 -7.936108112335205078e-01 3.330763280391693115e-01 -9.279687404632568359e-01 -1.671365648508071899e-01 -7.911120653152465820e-01 -1.785864979028701782e-01 -5.850194692611694336e-01 1.268143951892852783e-01 -1.611613295972347260e-02 1.009195923805236816e+00
2.000000000000000000e+00 5.953272581100463867e-01 2.830701172351837158e-01 -7.519693970680236816e-01 2.595492601394653320e-01 -9.534631371498107910e-01 -1.534368693828582764e-01 -7.604074478149414062e-01 -1.038278937339782715e-01 -6.410924196243286133e-01 1.239450201392173767e-01 -2.257248619571328163e-03 1.007389187812805176e+00
2.000000000000000000e+00 6.392176747322082520e-01 2.509542107582092285e-01 -7.269276976585388184e-01 2.318326681852340698e-01 -9.641653299331665039e-01 -1.289941817522048950e-01 -7.332490682601928711e-01 -8.607020229101181030e-02 -6.744901537895202637e-01 1.195835694670677185e-01 3.910616040229797363e-03 9.988563060760498047e-01
2.000000000000000000e+00 6.821342110633850098e-01 1.667887270450592041e-01 -7.119519710540771484e-01 1.451299637556076050e-01 -9.851506352424621582e-01 -9.173873066902160645e-02 -7.166800498962402344e-01 -4.074747860431671143e-02 -6.962103247642517090e-01 1.163728460669517517e-01 9.848847985267639160e-03 9.967024326324462891e-01
2.000000000000000000e+00 7.063590288162231445e-01 1.379258632659912109e-01 -6.942871809005737305e-01 1.229256466031074524e-01 -9.898316264152526855e-01 -7.157475501298904419e-02 -6.970985531806945801e-01 -3.478828445076942444e-02 -7.161304950714111328e-01 1.080222204327583313e-01 2.133857645094394684e-02 9.877848029136657715e-01
2.000000000000000000e+00 7.523429393768310547e-01 9.589772671461105347e-02 -6.517551541328430176e-01 9.053800255060195923e-02 -9.950116872787475586e-01 -4.189210757613182068e-02 -6.525206565856933594e-01 -2.749147638678550720e-02 -7.572717070579528809e-01 9.593532234430313110e-02 2.603413909673690796e-02 9.708923697471618652e-01
2.000000000000000000e+00 7.919400930404663086e-01 -6.571468431502580643e-03 -6.105642318725585938e-01 1.880760677158832550e-02 -9.992052316665649414e-01 3.514956682920455933e-02 -6.103091835975646973e-01 -3.931969776749610901e-02 -7.911863327026367188e-01 8.943721652030944824e-02 3.118693083524703979e-02 9.622367620468139648e-01
2.000000000000000000e+00 8.194468617439270020e-01 -5.957139283418655396e-02 -5.700519680976867676e-01 -1.680278405547142029e-02 -9.966534972190856934e-01 7.999864965677261353e-02 -5.729090571403503418e-01 -5.597626790404319763e-02 -8.177048563957214355e-01 7.543808221817016602e-02 3.952184319496154785e-02 9.547771811485290527e-01
2.000000000000000000e+00 8.206574320793151855e-01 -1.073536798357963562e-01 -5.612466335296630859e-01 -2.706748992204666138e-02 -9.883943200111389160e-01 1.494796723127365112e-01 -5.707794427871704102e-01 -1.074801310896873474e-01 -8.140382766723632812e-01 6.733386218547821045e-02 4.573948308825492859e-02 9.496715068817138672e-01
2.000000000000000000e+00 8.335399031639099121e-01 -1.693708449602127075e-01 -5.258573293685913086e-01 -5.236588791012763977e-02 -9.717825651168823242e-01 2.299920022487640381e-01 -5.499723553657531738e-01 -1.641705185174942017e-01 -8.188882470130920410e-01 5.086727440357208252e-02 4.740731418132781982e-02 9.354234933853149414e-01
2.000000000000000000e+00 8.342185616493225098e-01 -2.289156317710876465e-01 -5.016750693321228027e-01 -5.689096078276634216e-02 -9.406365156173706055e-01 3.346135020256042480e-01 -5.484916567802429199e-01 -2.505999505519866943e-01 -7.977192401885986328e-01 3.306861966848373413e-02 5.166471377015113831e-02 9.250872135162353516e-01
2.000000000000000000e+00 8.197681307792663574e-01 -3.359558284282684326e-01 -4.638047814369201660e-01 -1.632760614156723022e-01 -9.133528470993041992e-01 3.729976117610931396e-01 -5.489276647567749023e-01 -2.300432622432708740e-01 -8.035906553268432617e-01 1.484390720725059509e-02 5.460408702492713928e-02 9.169494509696960449e-01
2.000000000000000000e+00 7.844759225845336914e-01 -4.513604044914245605e-01 -4.252905845642089844e-01 -2.393684834241867065e-01 -8.530080914497375488e-01 4.637669026851654053e-01 -5.721018910408020020e-01 -2.620127797126770020e-01 -7.772052884101867676e-01 5.636079702526330948e-03 5.569936707615852356e-02 9.037219285964965820e-01
0.000000000000000000e+00 7.408192753791809082e-01 -3.276730775833129883e-01 -5.863599181175231934e-01 -2.798823714256286621e-01 -9.441347122192382812e-01 1.739983260631561279e-01 -6.106167435646057129e-01 3.521032631397247314e-02 -7.911427021026611328e-01 -9.806575253605842590e-03 5.442674458026885986e-02 9.031118750572204590e-01
2.000000000000000000e+00 6.526570916175842285e-01 -6.603434681892395020e-01 -3.714642822742462158e-01 -3.712346553802490234e-01 -7.061114907264709473e-01 6.029850244522094727e-01 -6.604719758033752441e-01 -2.556425333023071289e-01 -7.059914469718933105e-01 -3.373562544584274292e-02 5.508000031113624573e-02 8.870272040367126465e-01
2.000000000000000000e+00 5.601109862327575684e-01 -7.481786012649536133e-01 -3.556749224662780762e-01 -3.975277841091156006e-01 -6.194239258766174316e-01 6.769676804542541504e-01 -7.268061041831970215e-01 -2.377868890762329102e-01 -6.443684101104736328e-01 -5.377368628978729248e-02 5.361231416463851929e-02 8.843200206756591797e-01
2.000000000000000000e+00 4.736242592334747314e-01 -8.223130106925964355e-01 -3.154068291187286377e-01 -4.021892547607421875e-01 -5.205376148223876953e-01 7.531825304031372070e-01 -7.835329174995422363e-01 -2.298728227615356445e-01 -5.772652029991149902e-01 -7.251496613025665283e-02 4.999670013785362244e-02 8.749988079071044922e-01
2.000000000000000000e+00 4.188350141048431396e-01 -8.646934032440185547e-01 -2.772771120071411133e-01 -3.970108926296234131e-01 -4.489912688732147217e-01 8.004928231239318848e-01 -8.166759014129638672e-01 -2.251929938793182373e-01 -5.313464403152465820e-01 -8.166390657424926758e-02 4.531234502792358398e-02 8.690383434295654297e-01
2.000000000000000000e+00 3.684932291507720947e-01 -8.967450857162475586e-01 -2.450736463069915771e-01 -3.528547883033752441e-01 -3.788150548934936523e-01 8.555653691291809082e-01 -8.600617647171020508e-01 -2.287952601909637451e-01 -4.560120403766632080e-01 -9.043058007955551147e-02 3.982353955507278442e-02 8.513473868370056152e-01
2.000000000000000000e+00 2.382477521896362305e-01 -9.460705518722534180e-01 -2.195194810628890991e-01 -3.702563345432281494e-01 -2.974350452423095703e-01 8.800238966941833496e-01 -8.978576064109802246e-01 -1.283859461545944214e-01 -4.211522638797760010e-01 -1.074783131480216980e-01 3.590580821037292480e-02 8.352221846580505371e-01
0.000000000000000000e+00 6.704655289649963379e-02 -9.091637134552001953e-01 -4.110065698623657227e-01 -1.870879381895065308e-01 -4.160818159580230713e-01 8.898727893829345703e-01 -9.800525903701782227e-01 1.723087020218372345e-02 -1.979909241199493408e-01 -1.071562170982360840e-01 4.129799827933311462e-02 8.641707897186279297e-01
0.000000000000000000e+00 -2.729593217372894287e-01 -9.446731805801391602e-01 -1.818929761648178101e-01 -1.653064936399459839e-01 -1.402035802602767944e-01 9.762255549430847168e-01 -9.477173089981079102e-01 2.965379357337951660e-01 -1.178904175758361816e-01 -1.339998543262481689e-01 2.728897146880626678e-02 8.482360243797302246e-01
0.000000000000000000e+00 -4.236451685428619385e-01 -8.912085294723510742e-01 -1.620889902114868164e-01 -1.795203238725662231e-01 -9.278617054224014282e-02 9.793685078620910645e-01 -8.878613114356994629e-01 4.440031349658966064e-01 -1.206816136837005615e-01 -1.403137296438217163e-01 2.536719478666782379e-02 8.105310797691345215e-01
2.000000000000000000e+00 -2.199191898107528687e-01 -9.642323851585388184e-01 -1.479588449001312256e-01 -2.847949787974357605e-02 -1.452617496252059937e-01 9.889828562736511230e-01 -9.751026630401611328e-01 2.217107117176055908e-01 4.484770819544792175e-03 -1.534034907817840576e-01 1.529431529343128204e-02 7.757861614227294922e-01
2.000000000000000000e+00 -2.996970713138580322e-01 -9.457597732543945312e-01 -1.253806352615356445e-01 7.132314890623092651e-02 -1.532650589942932129e-01 9.856073856353759766e-01 -9.513651132583618164e-01 2.864418625831604004e-01 1.133875325322151184e-01 -1.600731462240219116e-01 8.068151772022247314e-03 7.621349692344665527e-01
2.000000000000000000e+00 -3.531236052513122559e-01 -9.280817508697509766e-01 -1.181874498724937439e-01 1.344471424818038940e-01 -1.753541678190231323e-01 9.752814173698425293e-01 -9.258663058280944824e-01 3.285057246685028076e-01 1.866995841264724731e-01 -1.671470701694488525e-01 1.160708488896489143e-03 7.640112638473510742e-01
2.000000000000000000e+00 -4.666493833065032959e-01 -8.768524527549743652e-01 -1.156213283538818359e-01 2.143914252519607544e-01 -2.389759272336959839e-01 9.470615983009338379e-01 -8.580647706985473633e-01 4.171583652496337891e-01 2.995076775550842285e-01 -1.719949990510940552e-01 -1.275353040546178818e-02 7.491301894187927246e-01
0.000000000000000000e+00 -3.723341524600982666e-01 -8.881811499595642090e-01 -2.692611515522003174e-01 2.644760906696319580e-02 -3.001576066017150879e-01 9.535223245620727539e-01 -9.277220964431762695e-01 3.479083776473999023e-01 1.352491378784179688e-01 -1.835060119628906250e-01 -2.159377746284008026e-02 7.593230605125427246e-01
0.000000000000000000e+00 -4.056290090084075928e-01 -8.424472808837890625e-01 -3.546080589294433594e-01 -1.300411224365234375e-01 -3.308216631412506104e-01 9.346898794174194336e-01 -9.047392606735229492e-01 4.252511262893676758e-01 2.463781088590621948e-02 -1.856375932693481445e-01 -2.967511303722858429e-02 7.697293758392333984e-01
0.000000000000000000e+00 -5.382455587387084961e-01 -8.276894092559814453e-01 -1.588184088468551636e-01 -1.247989013791084290e-03 -1.876605749130249023e-01 9.822335243225097656e-01 -8.427870273590087891e-01 5.288802385330200195e-01 9.997426718473434448e-02 -1.846319586038589478e-01 -3.093173541128635406e-02 7.655358314514160156e-01
0.000000000000000000e+00 -7.669546008110046387e-01 -6.387413144111633301e-01 6.155943125486373901e-02 2.501763701438903809e-01 -2.092889994382858276e-01 9.453091621398925781e-01 -5.909247994422912598e-01 7.404105663299560547e-01 3.203132450580596924e-01 -1.778115034103393555e-01 -4.226131737232208252e-02 7.498981356620788574e-01
0.000000000000000000e+00 -8.452838659286499023e-01 -4.996640086174011230e-01 1.892927289009094238e-01 3.338184058666229248e-01 -2.172259986400604248e-01 9.172666072845458984e-01 -4.172058999538421631e-01 8.385397195816040039e-01 3.504146337509155273e-01 -1.659725755453109741e-01 -6.071836873888969421e-02 7.148222923278808594e-01
2.000000000000000000e+00 -9.254377484321594238e-01 -3.784773945808410645e-01 -1.787897385656833649e-02 2.542001605033874512e-01 -6.551685333251953125e-01 7.114330530166625977e-01 -2.809751629829406738e-01 6.538419723510742188e-01 7.025266289710998535e-01 -1.622020900249481201e-01 -7.388867437839508057e-02 6.954520940780639648e-01
0.000000000000000000e+00 -9.536611437797546387e-01 -2.858332693576812744e-01 9.396647661924362183e-02 2.326501309871673584e-01 -5.024731755256652832e-01 8.327034711837768555e-01 -1.907988339662551880e-01 8.159779310226440430e-01 5.456882715225219727e-01 -1.605113446712493896e-01 -8.848341554403305054e-02 7.025172114372253418e-01
2.000000000000000000e+00 -9.824491739273071289e-01 -1.865164041519165039e-01 -2.057652920484542847e-03 1.564203202724456787e-01 -8.298338055610656738e-01 5.356383919715881348e-01 -1.016127243638038635e-01 5.259168148040771484e-01 8.444444537162780762e-01 -1.457653492689132690e-01 -9.853863716125488281e-02 6.841419339179992676e-01
2.000000000000000000e+00 -9.925768375396728516e-01 -1.210330873727798462e-01 1.188432238996028900e-02 1.141362637281417847e-01 -8.933429121971130371e-01 4.346392452716827393e-01 -4.198874160647392273e-02 4.327705800533294678e-01 9.005258679389953613e-01 -1.321361511945724487e-01 -1.133742257952690125e-01 6.767112612724304199e-01
2.000000000000000000e+00 -9.998923540115356445e-01 1.444614585489034653e-02 2.326082438230514526e-03 -1.301522552967071533e-02 -9.507075548171997070e-01 3.098158836364746094e-01 6.687453947961330414e-03 3.097535073757171631e-01 9.507935643196105957e-01 -1.178630962967872620e-01 -1.213768348097801208e-01 6.705904006958007812e-01
2.000000000000000000e+00 -9.893087148666381836e-01 1.457411497831344604e-01 -5.151588935405015945e-03 -1.433624029159545898e-01 -9.654698967933654785e-01 2.175198048353195190e-01 2.672840841114521027e-02 2.159339487552642822e-01 9.760423898696899414e-01 -1.091209501028060913e-01 -1.289921253919601440e-01 6.661569476127624512e-01
2.000000000000000000e+00 -9.749764204025268555e-01 2.203322350978851318e-01 2.955204248428344727e-02 -2.154127210378646851e-01 -9.692074656486511230e-01 1.193062067031860352e-01 5.492969974875450134e-02 1.099559143185615540e-01 9.924176335334777832e-01 -9.101550281047821045e-02 -1.361864507198333740e-01 6.539193987846374512e-01
2.000000000000000000e+00 -9.578049778938293457e-01 2.853468954563140869e-01 3.443061187863349915e-02 -2.821779549121856689e-01 -9.563428163528442383e-01 7.604981958866119385e-02 5.462875589728355408e-02 6.312631815671920776e-02 9.965093135833740234e-01 -8.196387439966201782e-02 -1.420497149229049683e-01 6.408651471138000488e-01
2.000000000000000000e+00 -9.119600653648376465e-01 4.102754294872283936e-01 -1.191783696413040161e-03 -4.101076126098632812e-01 -9.114944934844970703e-01 3.144778683781623840e-02 1.181674376130104065e-02 2.916873805224895477e-02 9.995045661926269531e-01 -7.247456163167953491e-02 -1.471579968929290771e-01 6.311336159706115723e-01
2.000000000000000000e+00 -8.807042837142944336e-01 4.734389483928680420e-01 1.463251374661922455e-02 -4.725061655044555664e-01 -8.759690523147583008e-01 -9.703392535448074341e-02 -3.312120586633682251e-02 -9.237147867679595947e-02 9.951735734939575195e-01 -6.295716762542724609e-02 -1.586670726537704468e-01 6.196003556251525879e-01
2.000000000000000000e+00 -8.441843986511230469e-01 5.353077054023742676e-01 2.822928875684738159e-02 -5.278317332267761230e-01 -8.208983540534973145e-01 -2.179887890815734863e-01 -9.351689368486404419e-02 -1.989225745201110840e-01 9.755430221557617188e-01 -5.304824188351631165e-02 -1.633125692605972290e-01 6.108836531639099121e-01
2.000000000000000000e+00 -7.591886520385742188e-01 6.501383781433105469e-01 3.084651939570903778e-02 -6.291418075561523438e-01 -7.208760976791381836e-01 -2.907197475433349609e-01 -1.667706966400146484e-01 -2.401176393032073975e-01 9.563111662864685059e-01 -3.301499038934707642e-02 -1.733308732509613037e-01 6.052684187889099121e-01
2.000000000000000000e+00 -6.655838489532470703e-01 7.461816072463989258e-01 1.450672000646591187e-02 -6.935082674026489258e-01 -6.111838221549987793e-01 -3.814450502395629883e-01 -2.757601141929626465e-01 -2.639440000057220459e-01 9.242781400680541992e-01 -2.330922149121761322e-02 -1.762718707323074341e-01 6.003517508506774902e-01
2.000000000000000000e+00 -5.600596666336059570e-01 8.283222913742065430e-01 1.465411018580198288e-02 -7.144843935966491699e-01 -4.739850163459777832e-01 -5.146358609199523926e-01 -4.193376302719116211e-01 -2.986970245838165283e-01 8.572840690612792969e-01 -4.042242653667926788e-03 -1.838134825229644775e-01 5.950837135314941406e-01
2.000000000000000000e+00 -4.348839819431304932e-01 9.000755548477172852e-01 2.718866616487503052e-02 -7.500324845314025879e-01 -3.453492820262908936e-01 -5.640792250633239746e-01 -4.983235299587249756e-01 -2.657015919685363770e-01 8.252733945846557617e-01 1.454306766390800476e-02 -1.898454278707504272e-01 5.908306241035461426e-01
2.000000000000000000e+00 -3.011041283607482910e-01 9.535456895828247070e-01 9.298311546444892883e-03 -7.505583763122558594e-01 -2.309687733650207520e-01 -6.191248893737792969e-01 -5.882154107093811035e-01 -1.934002935886383057e-01 7.852380275726318359e-01 2.329673990607261658e-02 -1.926441788673400879e-01 5.765722990036010742e-01
2.000000000000000000e+00 -1.783052682876586914e-01 9.838251471519470215e-01 1.716604456305503845e-02 -6.787303090095520020e-01 -1.103423684835433960e-01 -7.260507941246032715e-01 -7.124122977256774902e-01 -1.411101967096328735e-01 6.874274611473083496e-01 3.169402107596397400e-02 -1.961633861064910889e-01 5.820443630218505859e-01
