0.64968801 0.75672793 0.07258272 -0.18520831 0.25016236 -0.95032442 -0.73729461 0.60397190 0.30267993 209.59680176 -42.34224319 1221.79138184
0.64046723 0.76339906 0.08381240 -0.11446155 0.20279977 -0.97250819 -0.75940841 0.61326581 0.21726581 211.77461243 -45.68467712 1223.52575684
0.62202352 0.77600563 0.10441664 0.00650971 0.12822489 -0.99172419 -0.78297186 0.61755508 0.07470678 209.29010010 -47.23820496 1225.29382324
0.60737103 0.77499062 0.17461486 0.10399805 0.14034326 -0.98462600 -0.78758168 0.61619282 0.00464280 210.76741028 -47.77906418 1227.51330566
0.59756434 0.77929837 0.18870914 0.14470388 0.12667389 -0.98133296 -0.78865486 0.61371636 -0.03707153 215.25781250 -48.76368332 1230.82348633
0.59543037 0.77693307 0.20453992 0.15958713 0.13513952 -0.97788978 -0.78739655 0.61490780 -0.04352271 222.03953552 -54.31556320 1231.73522949
0.60376692 0.77957714 0.16650680 0.10991096 0.12547009 -0.98599011 -0.78954726 0.61360919 -0.00992943 228.63967896 -55.09769821 1232.07263184
0.60402250 0.78547764 0.13483472 0.09651064 0.09584896 -0.99070609 -0.79110175 0.61142200 -0.01791240 238.41001892 -60.58604050 1231.18371582
0.60243785 0.78927362 0.11880915 0.09853194 0.07417344 -0.99236578 -0.79206103 0.60954499 -0.03308400 243.02049255 -69.19656372 1230.38049316
0.60298491 0.79539531 0.06128902 0.07397805 0.02074464 -0.99704415 -0.79431510 0.60573632 -0.04633306 241.68667603 -78.29560089 1230.74121094
0.60396141 0.79633600 0.03285987 0.07315326 -0.01433228 -0.99721783 -0.79364985 0.60468465 -0.06691066 241.40899658 -87.75816345 1230.91955566
0.60424399 0.79502922 0.05308538 0.09547428 -0.00609755 -0.99541330 -0.79105890 0.60654056 -0.07958908 239.48817444 -98.21137238 1230.96252441
0.60388476 0.79633397 0.03429444 0.07832681 -0.01647010 -0.99679184 -0.79321396 0.60463321 -0.07232030 246.43733215 -109.22105408 1229.39990234
0.60351616 0.79722834 0.01396008 0.07004189 -0.03556650 -0.99690980 -0.79426861 0.60262907 -0.07730422 252.53390503 -122.07177734 1227.67211914
0.60464454 0.79636806 0.01426264 0.07944887 -0.04248542 -0.99593353 -0.79252309 0.60331845 -0.08895925 256.51721191 -129.65365601 1227.98681641
0.60564321 0.79554439 0.01747258 0.08832624 -0.04538796 -0.99505693 -0.79081887 0.60419279 -0.09775668 258.91992188 -138.16581726 1227.61645508
0.60988349 0.79247946 -0.00434216 0.06191844 -0.05311319 -0.99666697 -0.79006875 0.60758191 -0.08146209 255.91395569 -141.10424805 1225.48266602
0.61256522 0.79040408 0.00496605 0.03027449 -0.01718398 -0.99939406 -0.78983986 0.61234444 -0.03445532 253.58598328 -142.10789490 1225.97924805
0.60884911 0.79162943 -0.05124923 0.01523545 -0.07626019 -0.99697191 -0.79314035 0.60622460 -0.05849139 256.73162842 -140.10192871 1228.12365723
0.61124462 0.78260827 -0.11791444 0.01169356 -0.15790114 -0.98738545 -0.79135501 0.60215497 -0.10566795 260.39404297 -138.66397095 1231.31225586
0.60181129 0.77773929 -0.18150730 -0.06126500 -0.18164316 -0.98145443 -0.79628521 0.60177052 -0.06166648 263.84219360 -136.96289062 1235.06774902
0.61185157 0.78308874 -0.11140154 -0.02942755 -0.11820724 -0.99255246 -0.79042518 0.61057311 -0.04928112 268.68127441 -135.56764221 1238.97229004
0.61224467 0.78258198 -0.11279469 -0.04625830 -0.10695998 -0.99318659 -0.78931439 0.61329091 -0.02928455 275.48245239 -134.79069519 1242.10620117
0.60356498 0.78542376 -0.13718338 -0.06612600 -0.12215348 -0.99030578 -0.79456729 0.60678542 -0.02179047 281.07312012 -134.72943115 1246.90307617
0.59689766 0.77906722 -0.19174755 -0.12977749 -0.14209251 -0.98130918 -0.79175162 0.61062580 0.01629063 286.00106812 -136.02641296 1249.35046387
0.61497146 0.77552891 -0.14270681 -0.11827038 -0.08821322 -0.98905551 -0.77962971 0.62511879 0.03747383 292.20901489 -137.71005249 1253.41796875
0.63725299 0.75972635 -0.12932341 -0.03260260 -0.14108278 -0.98946100 -0.76996493 0.63475329 -0.06513610 297.86032104 -140.24037170 1256.10961914
0.63044143 0.76097506 -0.15317012 -0.03520050 -0.16909419 -0.98497117 -0.77543843 0.62635839 -0.07981699 300.20669556 -145.07800293 1258.89892578
0.61337656 0.76993752 -0.17596811 -0.03516790 -0.19595632 -0.97998214 -0.78900713 0.60728645 -0.09311752 300.23846436 -152.19264221 1262.25463867
0.59717536 0.78624117 -0.15876779 -0.06501777 -0.14983781 -0.98657054 -0.79947156 0.59947819 -0.03835988 300.59072876 -158.07856750 1267.59643555
0.57804936 0.77721786 -0.24857846 -0.13517725 -0.20921333 -0.96848178 -0.80472732 0.59343219 -0.01587336 299.08105469 -161.28140259 1270.03332520
0.56612128 0.77171379 -0.28976625 -0.17434670 -0.23147333 -0.95709127 -0.80567372 0.59234953 0.00350382 302.97885132 -164.42651367 1271.98266602
0.56526792 0.77060884 -0.29433930 -0.20704977 -0.21285087 -0.95489538 -0.79850054 0.60071421 0.03923646 308.64541626 -166.08677673 1273.12817383
0.60019404 0.74981618 -0.27846491 -0.10822822 -0.26881155 -0.95709300 -0.79249835 0.60457939 -0.08018778 317.06701660 -166.91621399 1275.25341797
0.61429572 0.76000589 -0.21220496 -0.07090336 -0.21467637 -0.97410810 -0.78588337 0.61343646 -0.07798824 321.95541382 -168.60519409 1278.89660645
0.62005752 0.76373219 -0.17955948 -0.04567134 -0.19334286 -0.98006761 -0.78322607 0.61589921 -0.08500288 327.88745117 -174.47961426 1281.14562988
0.62186581 0.75837147 -0.19533440 -0.05670721 -0.20516801 -0.97708273 -0.78106773 0.61869103 -0.08458178 336.02078247 -178.88429260 1283.91833496
0.63029742 0.75491315 -0.18119745 -0.04567725 -0.19693094 -0.97935295 -0.77500933 0.62555987 -0.08964232 341.78964233 -180.49737549 1288.29833984
0.61531556 0.75382203 -0.23051806 -0.07951988 -0.23158170 -0.96955991 -0.78425986 0.61491656 -0.08255178 350.41580200 -180.86462402 1293.79125977
0.61799413 0.75945717 -0.20324567 -0.07124611 -0.20335728 -0.97650915 -0.78294760 0.61795694 -0.07156567 354.97622681 -179.75994873 1298.24694824
0.62711126 0.76544756 -0.14430098 -0.03263852 -0.15927064 -0.98669517 -0.77824581 0.62347692 -0.07489777 359.61654663 -178.69291687 1302.75048828
0.63403410 0.76495045 -0.11336543 0.01189931 -0.15623222 -0.98764867 -0.77321392 0.62485373 -0.10815912 365.28598022 -181.39054871 1305.75573730
0.63142157 0.76512975 -0.12602939 0.00345966 -0.16530418 -0.98623669 -0.77543193 0.62229484 -0.10702410 371.61856079 -182.10511780 1308.08557129
0.61968076 0.77823973 -0.10167931 -0.01967645 -0.11410684 -0.99327344 -0.78460723 0.61751240 -0.05539605 375.84863281 -184.90107727 1310.63330078
0.61373532 0.78521448 -0.08226132 -0.03595920 -0.07628363 -0.99643761 -0.78869271 0.61450768 -0.01858289 380.56805420 -188.04025269 1313.11462402
0.61859196 0.77656871 -0.11951750 0.01187531 -0.16133700 -0.98682791 -0.78562260 0.60902470 -0.10902368 386.73236084 -191.77447510 1314.73767090
0.62255192 0.77031732 -0.13798897 0.01698189 -0.18958162 -0.98171830 -0.78239447 0.60882711 -0.13110578 394.43502808 -195.47259521 1315.82226562
0.61742252 0.78171778 -0.08778435 0.02671716 -0.13237041 -0.99084014 -0.78617805 0.60942155 -0.10261399 400.63879395 -199.52906799 1317.36035156
0.61620593 0.78487378 -0.06528969 0.05649598 -0.12673561 -0.99032629 -0.78555596 0.60655642 -0.12243748 404.14569092 -205.99337769 1317.96594238
0.60534793 0.78505558 -0.13130850 0.00748674 -0.17057727 -0.98531610 -0.79592592 0.59547579 -0.10913587 405.94833374 -209.88058472 1320.09594727
0.60133088 0.78517038 -0.14801779 0.00439501 -0.18850151 -0.98206311 -0.79898822 0.58989424 -0.11680280 411.35040283 -212.89810181 1322.95178223
0.59970284 0.78260052 -0.16700794 0.00528172 -0.21256834 -0.97713190 -0.80020481 0.58510691 -0.13161132 417.68206787 -214.00248718 1326.77233887
0.59600961 0.79405099 -0.11939390 0.03134723 -0.17158458 -0.98467034 -0.80236518 0.58313072 -0.12715727 425.85226440 -213.93721008 1332.38500977
0.59458917 0.79804671 -0.09789588 0.04864427 -0.15723807 -0.98636246 -0.80255616 0.58171892 -0.13231288 430.11215210 -218.12226868 1335.27697754
0.59394723 0.79844898 -0.09851629 0.05310904 -0.16110353 -0.98550731 -0.80274934 0.58010787 -0.13809218 432.11953735 -223.63598633 1336.70349121
0.58110595 0.79900336 -0.15462717 0.02392562 -0.20669053 -0.97811371 -0.81347620 0.56468832 -0.13922566 432.08114624 -227.74740601 1339.97668457
0.57493484 0.81144863 -0.10489079 0.05399796 -0.16554791 -0.98472250 -0.81641591 0.56048721 -0.13899589 432.40075684 -229.76354980 1344.00732422
0.57245600 0.81841946 -0.04984953 0.08199701 -0.11763443 -0.98966593 -0.81582540 0.56245244 -0.13444819 434.36029053 -234.81466675 1345.61059570
0.57065785 0.81929719 -0.05569258 0.05219635 -0.10387116 -0.99322021 -0.81952792 0.56388223 -0.10203888 437.74002075 -237.52688599 1347.51953125
0.55941260 0.82694566 -0.05673519 0.03999750 -0.09529784 -0.99464506 -0.82792383 0.55414742 -0.08638652 435.37344360 -239.92948914 1349.89416504
0.53517431 0.83926356 -0.09604381 0.01522642 -0.12326195 -0.99225736 -0.84460407 0.52956843 -0.07874571 433.56338501 -242.06227112 1353.97424316
0.51756525 0.84282440 -0.14755733 -0.01711327 -0.16222097 -0.98660600 -0.85547251 0.51315802 -0.06953659 436.28958130 -246.07940674 1357.50903320
0.49425936 0.82452917 -0.27542347 -0.09207381 -0.26539311 -0.95973378 -0.86442441 0.49971700 -0.05525553 435.70761108 -248.23817444 1359.64794922
0.47168109 0.82011849 -0.32391745 -0.14491750 -0.29025406 -0.94591314 -0.86977911 0.49311063 -0.01805777 438.62023926 -248.48677063 1362.09826660
0.52061999 0.76077801 -0.38751963 -0.22704497 -0.31417522 -0.92181587 -0.82304633 0.56790030 0.00916513 438.68075562 -248.77293396 1372.13830566
0.55146486 0.71753967 -0.42546901 -0.26806992 -0.33055007 -0.90491742 -0.78995258 0.61308545 0.01006385 444.09545898 -249.76559448 1377.06030273
0.56745499 0.72292382 -0.39417791 -0.26106691 -0.29605788 -0.91880023 -0.78092182 0.62428445 0.02073185 444.97064209 -250.57749939 1383.87280273
0.56179011 0.71706372 -0.41256952 -0.27691045 -0.30694714 -0.91055149 -0.77956027 0.62578326 0.02612284 451.11767578 -253.56369019 1388.07434082
0.60470778 0.67791146 -0.41804874 -0.30368176 -0.28898197 -0.90789145 -0.73627841 0.67596257 0.03111948 454.76434326 -254.05184937 1394.61608887
0.71451318 0.57751912 -0.39489722 -0.32007682 -0.23207115 -0.91852808 -0.62211150 0.78269744 0.01903246 454.84164429 -254.78549194 1400.66760254
0.75543714 0.52863044 -0.38712326 -0.32643908 -0.20862830 -0.92190659 -0.56811279 0.82281440 0.01496029 453.89953613 -254.08082581 1405.33630371
0.79494125 0.47163224 -0.38161594 -0.33418965 -0.18457127 -0.92425680 -0.50634480 0.86226231 0.01089118 457.41931152 -256.92877197 1408.67419434
0.81687498 0.38331872 -0.43102473 -0.41131708 -0.13678509 -0.90117061 -0.40439335 0.91343141 0.04592932 460.03991699 -255.24877930 1413.87963867
0.79845744 0.35592699 -0.48557439 -0.47535604 -0.12224515 -0.87125945 -0.36946365 0.92648369 0.07158477 460.50976562 -254.30517578 1420.17712402
0.78942025 0.34234107 -0.50952876 -0.50446171 -0.11115316 -0.85624987 -0.34976488 0.93297809 0.08495133 460.56475830 -252.18051147 1427.49829102
0.73921651 0.37989405 -0.55609405 -0.54384303 -0.15031211 -0.82561576 -0.39723390 0.91273600 0.09548935 461.54846191 -253.70208740 1433.91809082
0.72716486 0.34643790 -0.59263134 -0.58948928 -0.12724006 -0.79769188 -0.35175729 0.92940366 0.11169695 463.15466309 -254.04869080 1440.79956055
0.75737506 0.30779526 -0.57588577 -0.57212448 -0.11228859 -0.81244361 -0.31473187 0.94480324 0.09105272 465.03500366 -251.72229004 1447.75073242
0.73878080 0.35758936 -0.57125491 -0.54627001 -0.17869340 -0.81832606 -0.39470431 0.91662341 0.06332517 464.03662109 -250.07740784 1454.99780273
0.78430331 0.37978938 -0.49053895 -0.49168351 -0.10163565 -0.86482233 -0.37830669 0.91947269 0.10702297 466.99307251 -251.57263184 1460.70446777
0.80705374 0.35896933 -0.46883431 -0.46016774 -0.11518548 -0.88032830 -0.37001380 0.92621446 0.07222546 470.28933716 -253.61950684 1466.05529785
0.81101865 0.35738549 -0.46316725 -0.44128886 -0.14604674 -0.88540065 -0.38407350 0.92246729 0.03926358 472.96420288 -254.08517456 1472.01416016
0.81193674 0.36093804 -0.45878452 -0.42068058 -0.18308811 -0.88854182 -0.40470639 0.91444111 0.00318340 474.63116455 -254.00535583 1476.41870117
0.84516084 0.33214557 -0.41878563 -0.37643105 -0.18637770 -0.90750384 -0.37947571 0.92463106 -0.03248947 476.71453857 -254.49215698 1480.08361816
0.85997248 0.35939538 -0.36232916 -0.34712833 -0.10850376 -0.93151939 -0.37409848 0.92685539 0.03144590 476.73468018 -254.81384277 1487.36071777
0.87029791 0.35529602 -0.34109554 -0.29458347 -0.17951594 -0.93861330 -0.39471784 0.91735429 -0.05156770 476.26382446 -254.88960266 1497.04064941
0.92039752 0.31574821 -0.23058975 -0.16687539 -0.21610923 -0.96200293 -0.35358366 0.92390472 -0.14621548 475.26483154 -254.49551392 1504.06494141
0.93625879 0.30516946 -0.17404278 -0.12745649 -0.16659175 -0.97775382 -0.32737458 0.93761349 -0.11707690 474.80883789 -256.44409180 1509.02990723
0.94758850 0.29617897 -0.11981233 -0.08266774 -0.13494433 -0.98739856 -0.30861443 0.94555163 -0.10338752 474.29028320 -258.21133423 1514.70227051
0.94712514 0.31031194 -0.08161478 -0.05229110 -0.10168291 -0.99344158 -0.31657541 0.94518107 -0.08007984 469.69107056 -259.13040161 1519.61987305
0.94866049 0.30579069 -0.08084363 -0.05576129 -0.08990304 -0.99438858 -0.31134281 0.94784498 -0.06823631 466.85473633 -259.01794434 1525.56005859
0.95086116 0.30738488 -0.03711843 -0.01138497 -0.08509159 -0.99630809 -0.30940849 0.94777316 -0.07741068 464.44943237 -257.84271240 1532.36022949
0.94726539 0.31892440 -0.03121407 -0.00429190 -0.08477137 -0.99639124 -0.32041955 0.94398153 -0.07893232 462.03668213 -257.33148193 1538.95397949
0.94803506 0.31804615 -0.00866149 0.02140765 -0.09092637 -0.99562722 -0.31744337 0.94370466 -0.09301025 460.21792603 -259.03070068 1544.03125000
0.95746213 0.28838873 -0.00988797 0.01651672 -0.08898223 -0.99589640 -0.28808522 0.95337009 -0.08996018 459.42071533 -261.86877441 1548.70874023
0.95926231 0.28228840 -0.01139553 0.01632305 -0.09564718 -0.99528146 -0.28204626 0.95454937 -0.09635863 460.35992432 -264.56869507 1552.64636230
0.95433557 0.29342243 0.05610233 0.08657076 -0.09189528 -0.99199837 -0.28591913 0.95155591 -0.11310065 459.82839966 -269.23208618 1556.51599121
0.95448464 0.29705963 0.02672168 0.06096979 -0.10662995 -0.99242771 -0.29196069 0.94888628 -0.11988830 458.17385864 -273.73611450 1562.80712891
0.95827776 0.28226420 0.04505986 0.08267839 -0.12281341 -0.98897994 -0.27361941 0.95144331 -0.14102638 454.88439941 -277.92117310 1569.19067383
0.95768964 0.28741354 0.01493616 0.07484265 -0.19859944 -0.97721899 -0.27789968 0.93699074 -0.21170744 453.14904785 -281.18896484 1576.15319824
0.93094027 0.36374637 -0.03221140 0.05946256 -0.23803028 -0.96943593 -0.36029640 0.90057200 -0.24322151 455.93530273 -284.50976562 1579.32202148
0.92546129 0.37378973 -0.06165970 0.01305398 -0.19412635 -0.98088950 -0.37861589 0.90697044 -0.18453631 454.98275757 -289.29101562 1582.66516113
0.91720235 0.39474308 -0.05401929 0.04156297 -0.22964112 -0.97238743 -0.39624831 0.88963103 -0.22703381 450.02905273 -293.13217163 1588.10803223
0.91341853 0.40620366 -0.02579370 0.05664985 -0.18963039 -0.98021990 -0.40306002 0.89389020 -0.19622339 447.91424561 -294.77700806 1593.05444336
0.90805548 0.41476700 -0.05833989 0.01288868 -0.16688937 -0.98589140 -0.41865200 0.89449215 -0.15689038 448.56222534 -298.61267090 1595.91113281
0.89150840 0.44414887 -0.08912618 -0.01428149 -0.16909084 -0.98549724 -0.45277801 0.87985229 -0.14440303 443.84930420 -302.18783569 1599.42553711
0.88198644 0.46763197 -0.05847054 0.01176226 -0.14587358 -0.98923361 -0.47112703 0.87180316 -0.13415924 444.50335693 -303.51312256 1601.96398926
0.87226719 0.48574492 -0.05658335 0.01519755 -0.14257494 -0.98966730 -0.48879331 0.86239451 -0.13174568 446.32559204 -303.92977905 1603.65881348
0.86634076 0.49381024 -0.07487383 -0.00118242 -0.14788295 -0.98900419 -0.49945280 0.85690260 -0.12753317 452.20895386 -305.07733154 1604.85400391
0.85414213 0.49932650 -0.14531115 -0.05178327 -0.19637051 -0.97916162 -0.51745582 0.84386736 -0.14187154 452.90734863 -306.15667725 1607.85644531
0.83356231 0.52310222 -0.17759226 -0.10628705 -0.16360623 -0.98078346 -0.54210442 0.83641934 -0.08077690 451.26943970 -307.05197144 1612.93505859
0.86659509 0.47355407 -0.15735006 -0.11535035 -0.11668231 -0.98644799 -0.48549670 0.87300158 -0.04649191 450.11383057 -307.58190918 1618.53662109
0.90077263 0.39246538 -0.18595499 -0.11347592 -0.20061012 -0.97307718 -0.41920352 0.89762253 -0.13616890 451.89535522 -308.74691772 1625.27844238
0.91433030 0.33610818 -0.22589855 -0.15081784 -0.23507744 -0.96020454 -0.37583682 0.91201413 -0.16424733 453.14147949 -310.33251953 1630.69055176
0.93102419 0.28820604 -0.22389834 -0.15353927 -0.24724437 -0.95671123 -0.33108774 0.92509872 -0.18593936 451.58065796 -311.41433716 1636.80432129
0.93883330 0.26784879 -0.21644558 -0.14772449 -0.25451902 -0.95571834 -0.31107759 0.92923468 -0.19938315 449.18493652 -312.52972412 1642.75109863
0.94596905 0.26667577 -0.18446441 -0.11473600 -0.25679547 -0.95963120 -0.30327997 0.92894596 -0.21232322 447.47839355 -313.34286499 1647.22058105
0.93961471 0.28382286 -0.19123201 -0.11894809 -0.25310263 -0.96009934 -0.32089937 0.92486978 -0.20405868 444.85714722 -313.77044678 1651.02185059
0.93451524 0.29485568 -0.19935113 -0.12960555 -0.23973373 -0.96214879 -0.33148634 0.92497987 -0.18581991 439.90686035 -313.31900024 1655.90417480
0.94546705 0.25325149 -0.20483288 -0.15240107 -0.21182671 -0.96535134 -0.28786567 0.94392431 -0.16167924 435.60964966 -313.02819824 1661.04125977
0.94099236 0.28433028 -0.18354839 -0.15993014 -0.10437550 -0.98159474 -0.29825509 0.95302814 -0.05274370 435.29855347 -314.33850098 1669.21459961
0.93267798 0.29867262 -0.20225237 -0.13886544 -0.22018315 -0.96552342 -0.33290783 0.92860854 -0.16388427 436.35211182 -315.49114990 1674.29272461
0.93339413 0.32020462 -0.16200177 -0.13224319 -0.11274645 -0.98478401 -0.33359766 0.94061488 -0.06289225 436.62246704 -316.57211304 1678.55883789
0.93983161 0.28531811 -0.18791218 -0.14912766 -0.15225182 -0.97702622 -0.30737284 0.94626278 -0.10054243 437.45751953 -320.35095215 1680.97912598
0.94451386 0.26967636 -0.18753287 -0.14274205 -0.17721593 -0.97376555 -0.29583526 0.94650364 -0.12888892 437.66354370 -323.79901123 1687.42041016
0.94461870 0.27718997 -0.17567351 -0.12125943 -0.20261171 -0.97172272 -0.30494520 0.93920946 -0.15777880 436.21728516 -326.16049194 1693.98889160
0.95623624 0.25825921 -0.13752283 -0.08521734 -0.20381491 -0.97529340 -0.27990791 0.94433093 -0.17288782 433.67709351 -329.06072998 1697.90625000
0.95686072 0.24926010 -0.14929043 -0.09190935 -0.22776657 -0.96936828 -0.27562797 0.94127166 -0.19503130 432.42922974 -329.34390259 1703.51501465
0.95640093 0.24718194 -0.15556099 -0.09696324 -0.23369084 -0.96746409 -0.27549285 0.94036674 -0.19953443 432.72100830 -330.45816040 1707.22546387
0.95905334 0.24677977 -0.13898075 -0.08092838 -0.23147288 -0.96946949 -0.27141592 0.94102079 -0.20202324 430.27011108 -332.92977905 1711.61926270
0.96341574 0.23353569 -0.13150056 -0.07728766 -0.22772335 -0.97065395 -0.25662813 0.94530612 -0.20134325 426.63455200 -335.03533936 1715.82177734
0.96851289 0.22838245 -0.09912333 -0.04819925 -0.21860778 -0.97462195 -0.24425556 0.94871104 -0.20071635 425.35760498 -337.29202271 1718.53198242
0.96997863 0.23222753 -0.07218471 -0.02287940 -0.20836633 -0.97778320 -0.24210912 0.95008081 -0.19679791 422.29196167 -342.86981201 1721.78308105
0.96958131 0.24131797 -0.04096466 0.00603696 -0.19088499 -0.98159355 -0.24469566 0.95148760 -0.18653487 419.49139404 -350.52160645 1725.60534668
0.96620113 0.24255447 -0.08731765 -0.03437707 -0.21445987 -0.97612756 -0.25548980 0.94613653 -0.19887273 417.37237549 -357.29580688 1729.50830078
0.96758717 0.24271160 -0.06977269 -0.02245584 -0.19249988 -0.98104018 -0.25154072 0.95080811 -0.18080977 417.21914673 -364.24282837 1730.23010254
0.96175611 0.24660288 -0.11921558 -0.06181680 -0.22859475 -0.97155732 -0.26684064 0.94177067 -0.20460775 419.31060791 -371.53402710 1734.47851562
0.96075571 0.23654890 -0.14489521 -0.08442545 -0.24821356 -0.96501952 -0.26423883 0.93938011 -0.21850163 418.18658447 -376.09271240 1739.36718750
0.96248329 0.23156066 -0.14144525 -0.07562125 -0.27171615 -0.95940191 -0.26059252 0.93410403 -0.24401106 418.44799805 -379.88671875 1743.71166992
0.96465552 0.23403980 -0.12110098 -0.06587879 -0.23077789 -0.97077382 -0.25514737 0.94443965 -0.20720281 418.50689697 -385.09521484 1745.45397949
0.95691550 0.24370508 -0.15786152 -0.08655968 -0.27952471 -0.95622873 -0.27716368 0.92869478 -0.24638647 418.19439697 -389.18670654 1749.32714844
0.95705658 0.24146007 -0.16043615 -0.08465911 -0.29650742 -0.95127106 -0.27726439 0.92400253 -0.26333252 421.62667847 -392.64385986 1751.91723633
0.96346968 0.23153491 -0.13460621 -0.06159421 -0.29756638 -0.95271212 -0.26064050 0.92619973 -0.27243501 423.47238159 -393.39709473 1753.56958008
0.96830636 0.23058729 -0.09598574 -0.03145044 -0.26867720 -0.96271658 -0.24777883 0.93522310 -0.25290987 423.07739258 -397.31036377 1756.64147949
0.97183484 0.21985520 -0.08484591 -0.02126556 -0.27675360 -0.96070588 -0.23469743 0.93545264 -0.26428378 428.09399414 -400.50857544 1757.15527344
0.96856254 0.21909313 -0.11783953 -0.04971127 -0.29367667 -0.95461160 -0.24375533 0.93045878 -0.27355221 430.79440308 -403.11959839 1759.06726074
0.96189910 0.22980911 -0.14811476 -0.08250999 -0.27248222 -0.95861626 -0.26065737 0.93431324 -0.24313904 428.16525269 -408.36410522 1759.28088379
0.94749576 0.24678859 -0.20333861 -0.13243590 -0.27593470 -0.95200896 -0.29105324 0.92895401 -0.22876345 426.44601440 -414.08670044 1761.78808594
0.95067459 0.26222646 -0.16569363 -0.10472253 -0.23147781 -0.96718740 -0.29197663 0.93683243 -0.19259906 425.36758423 -420.73324585 1762.40100098
0.96016562 0.23198238 -0.15577595 -0.10669281 -0.21087952 -0.97167188 -0.25826073 0.94958621 -0.17772847 425.64465332 -425.48129272 1763.85559082
0.96140224 0.22580533 -0.15722218 -0.10704425 -0.21944465 -0.96973509 -0.25347295 0.94913459 -0.18680322 428.85928345 -429.88482666 1763.58972168
0.96393937 0.22789763 -0.13742326 -0.08730374 -0.21700823 -0.97225791 -0.25139716 0.94919413 -0.18928653 429.48501587 -434.09518433 1767.89794922
0.96370435 0.22128089 -0.14936279 -0.08781499 -0.26559904 -0.96007586 -0.25211695 0.93834549 -0.23652737 430.00344849 -438.81179810 1771.24353027
0.95676333 0.22861235 -0.17983285 -0.12438523 -0.23730421 -0.96343917 -0.26292896 0.94415188 -0.19860794 429.51678467 -444.69299316 1772.45349121
0.94770408 0.21701013 -0.23401575 -0.17146091 -0.27224019 -0.94682974 -0.26918003 0.93743896 -0.22079441 430.03128052 -451.00503540 1773.88854980
0.93772656 0.20620021 -0.27955651 -0.21318315 -0.29379800 -0.93179160 -0.27426845 0.93336189 -0.23154382 428.84512329 -455.75134277 1775.38476562
0.92700791 0.22673908 -0.29874119 -0.24442591 -0.23889299 -0.93977976 -0.28445187 0.94420308 -0.16603503 425.19067383 -460.01345825 1776.98388672
0.92737585 0.23359312 -0.29224792 -0.24680828 -0.20509133 -0.94711328 -0.28117660 0.95045900 -0.13254410 424.84133911 -463.99954224 1778.20324707
0.92603171 0.23560865 -0.29487789 -0.25476483 -0.18627127 -0.94889301 -0.27849478 0.95382982 -0.11246830 428.03433228 -467.89825439 1777.42089844
0.92489654 0.25043353 -0.28609446 -0.23808146 -0.20522065 -0.94931704 -0.29645339 0.94613320 -0.13018386 432.53668213 -473.85070801 1776.17260742
0.91408360 0.25250810 -0.31731746 -0.25894460 -0.23875029 -0.93591994 -0.31208742 0.93767667 -0.15285210 434.15304565 -480.31185913 1775.60070801
0.89408427 0.28107166 -0.34873024 -0.28110427 -0.25402874 -0.92544580 -0.34870404 0.92545575 -0.14811249 434.38534546 -487.86648560 1776.92944336
0.88404673 0.25256085 -0.39328644 -0.33013842 -0.25822327 -0.90792584 -0.33086219 0.93248802 -0.14490128 434.99554443 -495.98873901 1777.56750488
0.85986429 0.23497437 -0.45323321 -0.39651975 -0.25180852 -0.88281631 -0.32156742 0.93881810 -0.12334926 436.68130493 -503.67071533 1778.53784180
0.83020175 0.21275075 -0.51526868 -0.44318268 -0.30880910 -0.84156162 -0.33816245 0.92702430 -0.16208634 438.89257812 -511.72659302 1779.18652344
0.82440615 0.22822364 -0.51794696 -0.44942439 -0.29230899 -0.84414065 -0.34405333 0.92869258 -0.13841231 440.11303711 -520.86657715 1779.42492676
0.80212694 0.23102070 -0.55065548 -0.48752314 -0.27915710 -0.82727998 -0.34483790 0.93204105 -0.11129129 444.49835205 -527.91961670 1780.24621582
0.81217891 0.22221115 -0.53943324 -0.48611340 -0.25349402 -0.83632201 -0.32258296 0.94146860 -0.09786247 449.21084595 -535.29870605 1781.76135254
0.80743229 0.24277280 -0.53769416 -0.47850117 -0.26363274 -0.83757687 -0.34509459 0.93357372 -0.09669821 451.34197998 -542.31939697 1782.81701660
0.80127609 0.26686251 -0.53548259 -0.47694173 -0.25546470 -0.84099013 -0.36122552 0.92925888 -0.07742012 454.98635864 -546.08746338 1787.36108398
0.80310112 0.23060057 -0.54941112 -0.50778300 -0.21755300 -0.83356315 -0.31174603 0.94841671 -0.05762194 458.15191650 -550.63092041 1791.06652832
0.72811615 0.33082888 -0.60033321 -0.54386955 -0.25422981 -0.79973340 -0.41719726 0.90880102 -0.00518088 459.68356323 -555.02136230 1795.83044434
0.73014861 0.19081818 -0.65610290 -0.58631814 -0.31811213 -0.74500692 -0.35087514 0.92865115 -0.12038885 460.30917358 -558.20190430 1799.82824707
0.69258851 0.25573963 -0.67447639 -0.62288117 -0.25952879 -0.73801351 -0.36378548 0.93125862 -0.02045084 461.45764160 -561.22381592 1803.77270508
0.67230463 0.23006648 -0.70361614 -0.64439940 -0.28593540 -0.70921808 -0.36435658 0.93022060 -0.04398071 463.11773682 -563.72387695 1809.50061035
0.63047862 0.21980235 -0.74443585 -0.68771476 -0.28653631 -0.66704255 -0.35992515 0.93251467 -0.02949374 463.71749878 -565.42572021 1815.18640137
0.57276386 0.19858855 -0.79530144 -0.74523449 -0.27794766 -0.60611069 -0.34141868 0.93984455 -0.01120329 463.90078735 -568.30102539 1820.07336426
0.52427560 0.22002986 -0.82263166 -0.76572448 -0.30083939 -0.56847322 -0.37256107 0.92794532 0.01075974 464.43304443 -572.69366455 1822.56274414
0.51257086 0.22553362 -0.82849628 -0.76633197 -0.31507185 -0.55988032 -0.38730770 0.92188072 0.01133714 465.13739014 -579.05645752 1825.22998047
0.48503879 0.22446366 -0.84519458 -0.78215349 -0.32091311 -0.53408843 -0.39111745 0.92012590 0.01991018 465.84515381 -587.48638916 1827.36364746
0.46554041 0.21034914 -0.85966569 -0.79286981 -0.33245513 -0.51071543 -0.39322883 0.91936195 0.01200787 465.80444336 -593.34570312 1830.67736816
0.43685147 0.20890349 -0.87493992 -0.81238782 -0.32602328 -0.48346159 -0.38624787 0.92199105 0.02728698 464.96676636 -601.37567139 1832.19128418
0.42645106 0.20930612 -0.87996060 -0.82400441 -0.31132635 -0.47338489 -0.37303734 0.92696637 0.03970357 463.86633301 -610.13671875 1831.84436035
0.41254577 0.21459208 -0.88529980 -0.83365154 -0.30280998 -0.46187776 -0.36719310 0.92857760 0.05397197 462.60116577 -620.06475830 1830.08154297
0.39440864 0.22070338 -0.89203817 -0.84746194 -0.28798729 -0.44595134 -0.35531858 0.93185484 0.07345279 460.76046753 -629.21606445 1828.06274414
0.38377622 0.23151435 -0.89393318 -0.85328579 -0.28116867 -0.43914422 -0.35301462 0.93131381 0.08964200 457.00411987 -636.00415039 1826.94909668
0.37383503 0.24045625 -0.89578378 -0.86051786 -0.27043560 -0.43171102 -0.34605995 0.93222648 0.10581816 452.97366333 -639.67437744 1826.78295898
0.36319506 0.24944288 -0.89770132 -0.86782998 -0.26005405 -0.42337072 -0.33905768 0.93281841 0.12202384 448.50543213 -641.31231689 1827.31335449
0.35423586 0.25677672 -0.89921230 -0.87413514 -0.25073501 -0.41595635 -0.33227172 0.93337977 0.13563825 443.71752930 -641.84283447 1828.23864746
0.34620437 0.26446539 -0.90011066 -0.87970984 -0.24184544 -0.40941566 -0.32596430 0.93357813 0.14892541 438.25326538 -642.12677002 1829.36230469
0.34743217 0.26900482 -0.89829141 -0.88167745 -0.23245861 -0.41061896 -0.31927413 0.93466580 0.15641148 434.95974731 -643.33892822 1829.67846680
0.34886953 0.27909487 -0.89464808 -0.87864977 -0.23464526 -0.41583142 -0.32598168 0.93115371 0.16336603 431.30718994 -644.91564941 1829.93762207
0.35046744 0.28877929 -0.89094299 -0.87549341 -0.23690192 -0.42117664 -0.33269328 0.92762274 0.16979747 427.79061890 -645.90258789 1830.35778809
0.35315078 0.29958248 -0.88630396 -0.87181324 -0.23834330 -0.42794091 -0.33944860 0.92381972 0.17700861 423.78042603 -647.00506592 1830.83007812
0.35230929 0.30677316 -0.88417625 -0.87154877 -0.23668547 -0.42939755 -0.34099931 0.92188376 0.18398181 420.08465576 -647.11987305 1831.56579590
0.35307148 0.31494132 -0.88099509 -0.87075847 -0.23382717 -0.43255755 -0.34223077 0.91985708 0.19168021 416.12661743 -647.55200195 1832.23376465
0.36107641 0.32873818 -0.87267083 -0.86624974 -0.22827314 -0.44441178 -0.34530306 0.91641802 0.20234540 409.71130371 -648.63476562 1833.15454102
0.36699989 0.33976701 -0.86595017 -0.86325860 -0.22240727 -0.45312309 -0.34654889 0.91383463 0.21168342 404.45056152 -649.22381592 1833.99658203
0.37171388 0.34949592 -0.86004728 -0.85974395 -0.21991894 -0.46095088 -0.35024136 0.91076219 0.21873018 400.43609619 -649.72637939 1834.61022949
0.37405714 0.35675836 -0.85604006 -0.85673231 -0.22049502 -0.46625260 -0.35509217 0.90780240 0.22316846 397.36032104 -649.32965088 1835.34619141
0.38235313 0.36556011 -0.84862942 -0.85169327 -0.21676433 -0.47710809 -0.35836414 0.90519571 0.22846463 392.88516235 -650.25231934 1835.88183594
0.38936976 0.37088060 -0.84311301 -0.84727794 -0.21479771 -0.48578134 -0.36126509 0.90349895 0.23060288 390.14154053 -650.70111084 1836.24877930
0.40394148 0.37285033 -0.83535224 -0.83984381 -0.21082638 -0.50021392 -0.36261934 0.90362310 0.22797467 388.86944580 -651.95227051 1836.05688477
0.41848218 0.37211707 -0.82849360 -0.83305001 -0.20612293 -0.51336348 -0.36180276 0.90501004 0.22373332 388.84719849 -653.56439209 1835.50036621
0.42913061 0.37181351 -0.82316542 -0.82729566 -0.20398699 -0.52342236 -0.36253053 0.90561783 0.22006288 388.80139160 -654.29980469 1835.25415039
0.43757632 0.37084994 -0.81914431 -0.82269436 -0.20255466 -0.53117448 -0.36290729 0.90633452 0.21646319 389.11358643 -654.83868408 1835.00659180
0.44365606 0.37093174 -0.81582999 -0.81869727 -0.20255721 -0.53731209 -0.36455843 0.90630043 0.21381560 389.05236816 -654.84423828 1835.01757812
0.45075363 0.37073389 -0.81202072 -0.81395614 -0.20275196 -0.54439592 -0.36646473 0.90633750 0.21037017 389.14334106 -654.80035400 1835.01623535
0.45640597 0.37005824 -0.80916661 -0.81043875 -0.20247389 -0.54972106 -0.36726379 0.90667588 0.20749943 389.43496704 -654.93420410 1834.91406250
0.46142852 0.37010825 -0.80629015 -0.80695677 -0.20255899 -0.55478966 -0.36865351 0.90663683 0.20519444 389.43765259 -654.90112305 1834.92700195
0.46668547 0.36991367 -0.80334860 -0.80319417 -0.20299231 -0.56006610 -0.37024984 0.90661907 0.20237891 389.57351685 -654.76898193 1834.94824219
0.47449696 0.36962971 -0.79889095 -0.79806072 -0.20230034 -0.56760347 -0.37141892 0.90688968 0.19899595 389.69958496 -655.00054932 1834.84545898
0.47995490 0.36990348 -0.79549634 -0.79398000 -0.20253207 -0.57321662 -0.37314841 0.90672594 0.19648956 389.62814331 -654.90026855 1834.89672852
0.48390430 0.37051478 -0.79281497 -0.79078311 -0.20290144 -0.57748860 -0.37483129 0.90639395 0.19481184 389.42315674 -654.73065186 1834.99853516
0.48735350 0.37172067 -0.79013342 -0.78726363 -0.20441216 -0.58174968 -0.37776107 0.90556055 0.19302066 389.01409912 -654.15435791 1835.28100586
0.49233145 0.37250063 -0.78667164 -0.78303355 -0.20512106 -0.58718270 -0.38008916 0.90507877 0.19069332 388.76651001 -653.85717773 1835.43505859
0.49603215 0.37280589 -0.78419888 -0.78011483 -0.20523383 -0.59101599 -0.38127834 0.90492773 0.18902892 388.69360352 -653.78411865 1835.47705078
0.49818262 0.37318641 -0.78265291 -0.77826697 -0.20547253 -0.59336460 -0.38224927 0.90471721 0.18807594 388.57357788 -653.67126465 1835.54113770
0.50076586 0.37322652 -0.78098381 -0.77626473 -0.20553012 -0.59596145 -0.38294426 0.90468746 0.18680030 388.60733032 -653.63452148 1835.54907227
0.50757921 0.37270316 -0.77682430 -0.77201766 -0.20358671 -0.60211468 -0.38256103 0.90534282 0.18439712 388.81344604 -654.27026367 1835.29040527
0.51310939 0.37319672 -0.77294427 -0.76764709 -0.20332421 -0.60776341 -0.38397354 0.90519822 0.18215616 388.63952637 -654.30340576 1835.31457520
0.51578009 0.37370157 -0.77092046 -0.76513755 -0.20387219 -0.61073786 -0.38540289 0.90486676 0.18077947 388.47421265 -654.08337402 1835.42382812
0.52123398 0.37293723 -0.76761514 -0.76188892 -0.20190011 -0.61543626 -0.38450050 0.90562415 0.17889966 388.76214600 -654.74890137 1835.13781738
0.52824020 0.37298247 -0.76278877 -0.75641602 -0.20140822 -0.62230968 -0.38574225 0.90571511 0.17573784 388.77758789 -654.88159180 1835.08935547
0.53141147 0.37419605 -0.75998682 -0.75281543 -0.20275551 -0.62622726 -0.38842303 0.90491319 0.17395362 388.34402466 -654.35729980 1835.35681152
0.53765434 0.37395132 -0.75570351 -0.74836719 -0.20124419 -0.63201874 -0.38842547 0.90535104 0.17165293 388.44351196 -654.83245850 1835.17358398
0.54594421 0.37335911 -0.75003237 -0.74228889 -0.19959439 -0.63966370 -0.38852632 0.90596092 0.16817297 388.70025635 -655.36645508 1834.93823242
0.55259430 0.37348798 -0.74508107 -0.73701739 -0.19843981 -0.64608598 -0.38915917 0.90616089 0.16561067 388.65826416 -655.69732666 1834.83264160
0.55607116 0.37450719 -0.74197656 -0.73305571 -0.19971019 -0.65018797 -0.39168045 0.90546131 0.16348164 388.31494141 -655.20733643 1835.07031250
0.56012380 0.37552479 -0.73840517 -0.72849578 -0.20108621 -0.65487230 -0.39440396 0.90473491 0.16093501 387.99362183 -654.67437744 1835.31811523
0.56487918 0.37619987 -0.73442852 -0.72372729 -0.20168316 -0.65995699 -0.39639753 0.90432179 0.15833953 387.79953003 -654.40533447 1835.44934082
0.56771797 0.37727472 -0.73168337 -0.72009259 -0.20314939 -0.66347361 -0.39895281 0.90354514 0.15634137 387.44943237 -653.83807373 1835.71398926
0.57178003 0.37750772 -0.72839296 -0.71628785 -0.20316845 -0.66757393 -0.40000054 0.90344387 0.15423656 387.41818237 -653.78436279 1835.73852539
0.57464379 0.37693346 -0.72643328 -0.71414864 -0.20257846 -0.67004001 -0.39972001 0.90381598 0.15277591 387.68515015 -653.99371338 1835.61340332
0.57625055 0.37792295 -0.72464442 -0.71162087 -0.20401059 -0.67229152 -0.40190941 0.90308034 0.15137647 387.35769653 -653.44940186 1835.86584473
0.57899189 0.37884372 -0.72197294 -0.70818293 -0.20513183 -0.67557257 -0.40403622 0.90243977 0.14952126 387.06964111 -652.99554443 1836.07910156
0.58127362 0.37962383 -0.71972686 -0.70534486 -0.20594801 -0.67828703 -0.40572029 0.90192688 0.14805339 386.82067871 -652.65246582 1836.24645996
0.58346641 0.38014996 -0.71767175 -0.70277941 -0.20654176 -0.68076462 -0.40702209 0.90156871 0.14665166 386.69338989 -652.38940430 1836.36352539
0.58663481 0.38104635 -0.71460676 -0.69921416 -0.20689368 -0.68431997 -0.40860540 0.90110922 0.14506218 386.45004272 -652.15319824 1836.49645996
0.58840823 0.38449055 -0.71129620 -0.69456834 -0.21001014 -0.68809146 -0.41394427 0.89892310 0.14348301 385.27319336 -650.97802734 1837.13732910
0.58563793 0.38860855 -0.71134448 -0.69295657 -0.21525791 -0.68809527 -0.42052251 0.89590603 0.14322549 383.79736328 -649.35754395 1837.98596191
0.58177543 0.39200392 -0.71265012 -0.69320059 -0.21935119 -0.68655509 -0.42545277 0.89343023 0.14412422 382.43951416 -648.04040527 1838.70239258
0.57910067 0.39565417 -0.71281171 -0.69319606 -0.22122544 -0.68595827 -0.42909390 0.89135718 0.14615403 381.21234131 -647.51275635 1839.14270020
0.57576698 0.40013722 -0.71300954 -0.69256711 -0.22481734 -0.68542582 -0.43456081 0.88845241 0.14767937 379.21514893 -646.39208984 1839.90515137
0.57531488 0.40504357 -0.71060008 -0.69015235 -0.22587650 -0.68750954 -0.43897885 0.88595694 0.14959089 376.33370972 -646.08605957 1840.52319336
0.57422960 0.40876526 -0.70934510 -0.68901414 -0.22666731 -0.68839049 -0.44217557 0.88404369 0.15148598 373.82214355 -645.89727783 1841.02221680
0.56450111 0.41242388 -0.71501356 -0.69629747 -0.22727565 -0.68081969 -0.44329169 0.88218570 0.15887207 370.62518311 -645.99353027 1841.53833008
0.55629772 0.41651025 -0.71906245 -0.70182562 -0.22783071 -0.67493248 -0.44494063 0.88012064 0.16557556 367.25579834 -646.16821289 1842.05310059
0.56073642 0.41739106 -0.71509361 -0.69845200 -0.22538333 -0.67924023 -0.44467917 0.88033378 0.16514684 366.50085449 -647.09265137 1841.86132812
0.56593782 0.41650808 -0.71150237 -0.69566071 -0.22190462 -0.68323821 -0.44245982 0.88163435 0.16416384 366.74014282 -648.39166260 1841.36633301
0.57151961 0.41501120 -0.70790547 -0.69291615 -0.21805611 -0.68725401 -0.43958136 0.88329899 0.16294478 367.40921021 -649.81542969 1840.75549316
0.57196349 0.41342419 -0.70847571 -0.69433111 -0.21587321 -0.68651509 -0.43676287 0.88457859 0.16358142 367.99798584 -650.74285889 1840.32861328
0.57640541 0.41234577 -0.70549864 -0.69230372 -0.21225692 -0.68968296 -0.43413472 0.88595605 0.16312221 368.55331421 -652.05670166 1839.78088379
0.58208615 0.41336542 -0.70021790 -0.68693107 -0.21079361 -0.69547999 -0.43508872 0.88583022 0.16125327 368.38131714 -652.46759033 1839.67980957
0.58246434 0.41594926 -0.69837028 -0.68427098 -0.21284331 -0.69747436 -0.43875754 0.88412881 0.16064829 367.38055420 -651.65527344 1840.14709473
0.58037758 0.41822502 -0.69874907 -0.68480772 -0.21367887 -0.69669211 -0.44068179 0.88285303 0.16238897 366.43899536 -651.44641113 1840.40161133
0.57713437 0.42002448 -0.70035416 -0.68735564 -0.21324453 -0.69431245 -0.44097519 0.88210338 0.16563512 365.52374268 -651.71972656 1840.48352051
0.57497972 0.42200932 -0.70093250 -0.68844914 -0.21335399 -0.69319397 -0.44208139 0.88112932 0.16785723 364.68374634 -651.76135254 1840.63354492
0.58058739 0.42106697 -0.69686478 -0.68476856 -0.21049622 -0.69769794 -0.44046512 0.88226587 0.16612160 365.32412720 -652.83221436 1840.15441895
0.58603328 0.41706666 -0.69470966 -0.68419522 -0.20461893 -0.70000565 -0.43409893 0.88554358 0.16544133 367.10360718 -655.13104248 1839.03735352
0.58932847 0.41606680 -0.69251752 -0.68255192 -0.20217629 -0.70231587 -0.43222082 0.88657391 0.16483915 367.59008789 -656.01092529 1838.64794922
0.59119457 0.41560447 -0.69120365 -0.68149364 -0.20092547 -0.70370167 -0.43134186 0.88707513 0.16444594 367.82556152 -656.45391846 1838.45434570
0.59701556 0.41561988 -0.68617219 -0.67633200 -0.19924530 -0.70913780 -0.43144831 0.88744593 0.16214441 367.97155762 -656.90087891 1838.27465820
0.60084790 0.41537827 -0.68296593 -0.67307115 -0.19801582 -0.71257621 -0.43122676 0.88783503 0.16060233 368.16424561 -657.25848389 1838.11560059
0.60472792 0.41476440 -0.67990780 -0.67013043 -0.19633900 -0.71580422 -0.43038252 0.88849396 0.15921441 368.50048828 -657.78979492 1837.86950684
0.60948670 0.41390592 -0.67617089 -0.66632068 -0.19470821 -0.71979535 -0.42958364 0.88925266 0.15712211 368.98278809 -658.30816650 1837.59985352
0.61376166 0.41301656 -0.67284083 -0.66291988 -0.19323157 -0.72332519 -0.42875916 0.88998848 0.15519919 369.46798706 -658.78515625 1837.34387207
0.61848974 0.41322246 -0.66836876 -0.65787625 -0.19285512 -0.72801411 -0.42973027 0.88997388 0.15257098 369.55401611 -658.78997803 1837.32641602
0.62307799 0.41349959 -0.66392237 -0.65278929 -0.19267263 -0.73262793 -0.43086067 0.88988501 0.14987789 369.61746216 -658.72485352 1837.33728027
0.62643057 0.41428682 -0.66026634 -0.64836723 -0.19324626 -0.73639399 -0.43267220 0.88939422 0.14755476 369.44555664 -658.39166260 1837.48474121
0.62859762 0.41629767 -0.65693337 -0.64383024 -0.19530413 -0.73982376 -0.43628868 0.88800508 0.14525737 368.76605225 -657.48089600 1837.92675781
0.63079554 0.41821259 -0.65360123 -0.63944185 -0.19698827 -0.74317533 -0.43955725 0.88673216 0.14316307 368.12463379 -656.68554688 1838.32189941
0.63331616 0.42043090 -0.64972901 -0.63443941 -0.19870894 -0.74699479 -0.44316691 0.88529778 0.14089277 367.36505127 -655.82989502 1838.75891113
0.63503206 0.42373168 -0.64589953 -0.62954783 -0.20066904 -0.75060070 -0.44766521 0.88327986 0.13932806 366.08349609 -654.79431152 1839.35437012
0.62866247 0.43183860 -0.64676088 -0.62988776 -0.20500593 -0.74914217 -0.45609832 0.87834394 0.14313029 362.54956055 -653.25585938 1840.54943848
